PWDR CoO25C.RAW Bank 1 Co3 O4 spinel  Reflection List 
   h   k   l   m   d-space   2-theta       wid     Fo**2     Fc**2     Icorr      Prfo     Trans      ExtP      I100 
   1   1   1   8   4.67011  22.08404   0.11018  9421.385  4174.428     2.691     1.000     1.000     1.000    19.003
   2   2   0  12   2.85984  36.45191   0.17049 33609.657 25814.282     1.386     1.000     1.000     1.000    34.916
   3   1   1  24   2.43888  43.03061   0.20068 69576.577 65017.160     1.917     1.000     1.000     1.000   100.000
   2   2   2   8   2.33505  45.04642   0.21026 19187.262 15457.044     0.576     1.000     1.000     1.000     8.292
   4   0   0   6   2.02222  52.50360   0.24724 89583.064 87219.793     0.305     1.000     1.000     1.000    20.504
   3   3   1  24   1.85571  57.63269   0.27423   421.980   708.336     0.988     1.000     1.000     1.000     0.313
   4   2   2  24   1.65113  65.60233   0.31915 39544.934 15444.750     0.742     1.000     1.000     1.000    21.997
   3   3   3   8   1.55670  70.14135   0.34665 55935.490 34612.126     0.215     1.000     1.000     1.000     9.022
   5   1   1  24   1.55670  70.14135   0.34665 78284.408 48441.335     0.645     1.000     1.000     1.000    37.878
   4   4   0  12   1.42992  77.44227   0.39440214679.918203374.262     0.268     1.000     1.000     1.000    43.162
   5   3   1  48   1.36727  81.71734   0.42473  6191.023  1409.918     0.986     1.000     1.000     1.000     4.577
   4   4   2  24   1.34814  83.13092   0.43519   104.050     4.091     0.482     1.000     1.000     1.000     0.038
   6   2   0  24   1.27896  88.75206   0.47927  9224.059 10404.478     0.447     1.000     1.000     1.000     3.094
   5   3   3  24   1.23354  92.95706   0.51514 32947.347 28767.949     0.433     1.000     1.000     1.000    10.695
   6   2   2  24   1.21944  94.36116   0.52775 18823.630 11118.580     0.430     1.000     1.000     1.000     6.069
PWDR CoO25C.RAW Bank 1 Co O rock salt  Reflection List 
   h   k   l   m   d-space   2-theta       wid     Fo**2     Fc**2     Icorr      Prfo     Trans      ExtP      I100 
   1   1   1   8   2.46303  42.58802   0.19859  3312.006  2845.663    19.460     1.000     1.000     1.000    71.597
   2   0   0   6   2.13305  49.58509   0.23247  8699.621  8466.177    10.348     1.000     1.000     1.000   100.000
   2   2   0  12   1.50829  72.74432   0.36314  5604.707  5452.226     8.937     1.000     1.000     1.000    55.642
   3   1   1  24   1.28628  88.11607   0.47407  1607.654  1544.556    13.401     1.000     1.000     1.000    23.933
   2   2   2   8   1.23152  93.15548   0.51690  4986.862  3858.117     4.289     1.000     1.000     1.000    23.762
