10.01	4
10.03	2
10.05	1
10.07	4
10.09	0
10.11	3
10.13	2
10.15	0
10.17	2
10.19	4
10.21	4
10.23	0
10.25	1
10.27	0
10.29	2
10.31	1
10.33	0
10.35	1
10.37	2
10.39	0
10.41	3
10.43	0
10.45	2
10.47	2
10.49	1
10.51	2
10.53	2
10.55	1
10.57	2
10.59	2
10.61	2
10.63	3
10.65	0
10.67	0
10.69	2
10.71	0
10.73	0
10.75	2
10.77	2
10.79	3
10.81	2
10.83	1
10.85	0
10.87	0
10.89	1
10.91	1
10.93	2
10.95	1
10.97	1
10.99	1
11.01	2
11.03	1
11.05	2
11.07	1
11.09	0
11.11	2
11.13	1
11.15	1
11.17	4
11.19	3
11.21	4
11.23	1
11.25	1
11.27	0
11.29	3
11.31	2
11.33	2
11.35	3
11.37	1
11.39	0
11.41	1
11.43	1
11.45	0
11.47	4
11.49	3
11.51	1
11.53	0
11.55	1
11.57	0
11.59	0
11.61	2
11.63	0
11.65	3
11.67	2
11.69	1
11.71	0
11.73	2
11.75	5
11.77	0
11.79	1
11.81	2
11.83	1
11.85	1
11.87	1
11.89	2
11.91	1
11.93	1
11.95	2
11.97	2
11.99	2
12.01	1
12.03	1
12.05	1
12.07	0
12.09	2
12.11	1
12.13	3
12.15	3
12.17	1
12.19	3
12.21	2
12.23	3
12.25	0
12.27	4
12.29	0
12.31	2
12.33	0
12.35	1
12.37	2
12.39	2
12.41	1
12.43	2
12.45	0
12.47	1
12.49	0
12.51	0
12.53	2
12.55	1
12.57	0
12.59	3
12.61	0
12.63	0
12.65	0
12.67	2
12.69	1
12.71	1
12.73	0
12.75	1
12.77	1
12.79	3
12.81	4
12.83	2
12.85	1
12.87	0
12.89	5
12.91	1
12.93	4
12.95	3
12.97	0
12.99	2
13.01	0
13.03	1
13.05	1
13.07	2
13.09	2
13.11	0
13.13	1
13.15	0
13.17	1
13.19	2
13.21	1
13.23	4
13.25	0
13.27	1
13.29	1
13.31	0
13.33	2
13.35	1
13.37	3
13.39	1
13.41	0
13.43	3
13.45	0
13.47	0
13.49	0
13.51	1
13.53	0
13.55	0
13.57	1
13.59	1
13.61	0
13.63	3
13.65	0
13.67	2
13.69	1
13.71	2
13.73	0
13.75	0
13.77	1
13.79	1
13.81	1
13.83	1
13.85	2
13.87	0
13.89	1
13.91	2
13.93	1
13.95	1
13.97	0
13.99	0
14.01	1
14.03	0
14.05	3
14.07	2
14.09	2
14.11	2
14.13	1
14.15	1
14.17	0
14.19	2
14.21	1
14.23	2
14.25	0
14.27	2
14.29	0
14.31	1
14.33	1
14.35	3
14.37	1
14.39	2
14.41	1
14.43	2
14.45	2
14.47	1
14.49	0
14.51	2
14.53	2
14.55	3
14.57	0
14.59	1
14.61	2
14.63	0
14.65	1
14.67	2
14.69	0
14.71	2
14.73	0
14.75	1
14.77	1
14.79	1
14.81	1
14.83	2
14.85	0
14.87	0
14.89	2
14.91	2
14.93	1
14.95	3
14.97	3
14.99	0
15.01	2
15.03	1
15.05	0
15.07	2
15.09	3
15.11	2
15.13	2
15.15	0
15.17	1
15.19	3
15.21	4
15.23	0
15.25	1
15.27	3
15.29	5
15.31	3
15.33	2
15.35	0
15.37	3
15.39	4
15.41	1
15.43	1
15.45	4
15.47	1
15.49	2
15.51	1
15.53	0
15.55	1
15.57	2
15.59	2
15.61	1
15.63	2
15.65	1
15.67	0
15.69	4
15.71	0
15.73	1
15.75	2
15.77	0
15.79	1
15.81	3
15.83	0
15.85	1
15.87	1
15.89	1
15.91	0
15.93	3
15.95	1
15.97	4
15.99	1
16.01	1
16.03	3
16.05	2
16.07	0
16.09	3
16.11	2
16.13	2
16.15	4
16.17	2
16.19	1
16.21	4
16.23	3
16.25	2
16.27	2
16.29	0
16.31	1
16.33	2
16.35	6
16.37	1
16.39	1
16.41	0
16.43	0
16.45	0
16.47	3
16.49	0
16.51	4
16.53	3
16.55	0
16.57	2
16.59	1
16.61	2
16.63	1
16.65	0
16.67	2
16.69	2
16.71	1
16.73	0
16.75	2
16.77	2
16.79	0
16.81	1
16.83	0
16.85	1
16.87	0
16.89	2
16.91	1
16.93	0
16.95	3
16.97	1
16.99	0
17.01	2
17.03	0
17.05	0
17.07	0
17.09	1
17.11	2
17.13	1
17.15	2
17.17	1
17.19	0
17.21	2
17.23	1
17.25	1
17.27	0
17.29	0
17.31	0
17.33	1
17.35	3
17.37	1
17.39	0
17.41	1
17.43	1
17.45	1
17.47	3
17.49	2
17.51	2
17.53	6
17.55	5
17.57	7
17.59	2
17.61	8
17.63	5
17.65	7
17.67	9
17.69	9
17.71	14
17.73	18
17.75	13
17.77	24
17.79	23
17.81	34
17.83	22
17.85	17
17.87	24
17.89	15
17.91	8
17.93	4
17.95	6
17.97	4
17.99	3
18.01	1
18.03	3
18.05	1
18.07	3
18.09	0
18.11	2
18.13	3
18.15	0
18.17	1
18.19	0
18.21	2
18.23	1
18.25	1
18.27	0
18.29	0
18.31	0
18.33	1
18.35	2
18.37	0
18.39	1
18.41	2
18.43	1
18.45	2
18.47	0
18.49	2
18.51	2
18.53	2
18.55	1
18.57	2
18.59	0
18.61	1
18.63	0
18.65	2
18.67	0
18.69	1
18.71	1
18.73	0
18.75	1
18.77	0
18.79	1
18.81	2
18.83	0
18.85	2
18.87	3
18.89	2
18.91	0
18.93	2
18.95	2
18.97	1
18.99	0
19.01	5
19.03	1
19.05	2
19.07	2
19.09	0
19.11	1
19.13	1
19.15	0
19.17	0
19.19	3
19.21	2
19.23	4
19.25	0
19.27	1
19.29	0
19.31	1
19.33	1
19.35	2
19.37	0
19.39	0
19.41	1
19.43	1
19.45	2
19.47	1
19.49	2
19.51	1
19.53	0
19.55	0
19.57	0
19.59	0
19.61	2
19.63	2
19.65	0
19.67	0
19.69	1
19.71	0
19.73	1
19.75	2
19.77	1
19.79	0
19.81	1
19.83	2
19.85	1
19.87	0
19.89	1
19.91	1
19.93	3
19.95	0
19.97	0
19.99	1
20.01	2
20.03	3
20.05	1
20.07	0
20.09	0
20.11	1
20.13	1
20.15	1
20.17	0
20.19	0
20.21	1
20.23	0
20.25	0
20.27	0
20.29	1
20.31	3
20.33	1
20.35	1
20.37	1
20.39	0
20.41	1
20.43	3
20.45	1
20.47	1
20.49	1
20.51	0
20.53	0
20.55	1
20.57	2
20.59	1
20.61	1
20.63	0
20.65	1
20.67	1
20.69	0
20.71	1
20.73	2
20.75	2
20.77	1
20.79	1
20.81	2
20.83	2
20.85	1
20.87	0
20.89	1
20.91	1
20.93	3
20.95	2
20.97	2
20.99	4
21.01	2
21.03	4
21.05	4
21.07	1
21.09	4
21.11	5
21.13	11
21.15	12
21.17	14
21.19	18
21.21	8
21.23	9
21.25	10
21.27	4
21.29	5
21.31	1
21.33	1
21.35	3
21.37	2
21.39	1
21.41	2
21.43	1
21.45	1
21.47	3
21.49	3
21.51	4
21.53	2
21.55	2
21.57	0
21.59	1
21.61	2
21.63	1
21.65	0
21.67	1
21.69	1
21.71	1
21.73	0
21.75	3
21.77	3
21.79	0
21.81	1
21.83	3
21.85	1
21.87	0
21.89	3
21.91	4
21.93	2
21.95	0
21.97	5
21.99	1
22.01	4
22.03	4
22.05	1
22.07	1
22.09	2
22.11	1
22.13	2
22.15	0
22.17	0
22.19	0
22.21	1
22.23	1
22.25	1
22.27	1
22.29	1
22.31	2
22.33	1
22.35	3
22.37	1
22.39	1
22.41	0
22.43	1
22.45	1
22.47	2
22.49	1
22.51	1
22.53	0
22.55	1
22.57	0
22.59	3
22.61	1
22.63	1
22.65	1
22.67	1
22.69	2
22.71	2
22.73	2
22.75	4
22.77	0
22.79	2
22.81	2
22.83	0
22.85	1
22.87	0
22.89	1
22.91	3
22.93	4
22.95	1
22.97	3
22.99	2
23.01	2
23.03	3
23.05	4
23.07	4
23.09	3
23.11	5
23.13	5
23.15	1
23.17	7
23.19	0
23.21	2
23.23	2
23.25	1
23.27	2
23.29	2
23.31	5
23.33	5
23.35	1
23.37	2
23.39	2
23.41	3
23.43	1
23.45	2
23.47	2
23.49	3
23.51	3
23.53	0
23.55	2
23.57	1
23.59	1
23.61	0
23.63	0
23.65	2
23.67	0
23.69	1
23.71	1
23.73	0
23.75	2
23.77	5
23.79	3
23.81	7
23.83	3
23.85	9
23.87	14
23.89	14
23.91	18
23.93	13
23.95	32
23.97	22
23.99	30
24.01	53
24.03	45
24.05	61
24.07	55
24.09	65
24.11	59
24.13	60
24.15	45
24.17	26
24.19	24
24.21	14
24.23	10
24.25	8
24.27	3
24.29	10
24.31	2
24.33	0
24.35	2
24.37	3
24.39	4
24.41	4
24.43	4
24.45	0
24.47	2
24.49	0
24.51	2
24.53	1
24.55	1
24.57	0
24.59	2
24.61	0
24.63	2
24.65	1
24.67	0
24.69	2
24.71	2
24.73	1
24.75	2
24.77	0
24.79	1
24.81	3
24.83	1
24.85	1
24.87	1
24.89	2
24.91	1
24.93	0
24.95	2
24.97	2
24.99	1
25.01	0
25.03	1
25.05	3
25.07	0
25.09	0
25.11	0
25.13	0
25.15	0
25.17	0
25.19	5
25.21	0
25.23	1
25.25	1
25.27	0
25.29	1
25.31	3
25.33	1
25.35	0
25.37	1
25.39	1
25.41	3
25.43	0
25.45	1
25.47	4
25.49	2
25.51	4
25.53	8
25.55	4
25.57	9
25.59	6
25.61	6
25.63	3
25.65	9
25.67	8
25.69	4
25.71	3
25.73	2
25.75	3
25.77	1
25.79	1
25.81	2
25.83	1
25.85	0
25.87	1
25.89	0
25.91	0
25.93	2
25.95	0
25.97	0
25.99	0
26.01	1
26.03	2
26.05	6
26.07	3
26.09	5
26.11	6
26.13	4
26.15	8
26.17	4
26.19	3
26.21	2
26.23	4
26.25	1
26.27	2
26.29	2
26.31	3
26.33	0
26.35	2
26.37	1
26.39	2
26.41	2
26.43	1
26.45	0
26.47	1
26.49	3
26.51	1
26.53	1
26.55	1
26.57	0
26.59	2
26.61	0
26.63	0
26.65	1
26.67	0
26.69	0
26.71	3
26.73	2
26.75	1
26.77	1
26.79	1
26.81	1
26.83	0
26.85	1
26.87	0
26.89	2
26.91	0
26.93	1
26.95	1
26.97	3
26.99	1
27.01	3
27.03	0
27.05	0
27.07	1
27.09	0
27.11	0
27.13	1
27.15	0
27.17	0
27.19	2
27.21	1
27.23	0
27.25	4
27.27	2
27.29	2
27.31	1
27.33	2
27.35	1
27.37	2
27.39	2
27.41	1
27.43	2
27.45	3
27.47	2
27.49	2
27.51	2
27.53	3
27.55	2
27.57	4
27.59	6
27.61	3
27.63	7
27.65	7
27.67	0
27.69	14
27.71	5
27.73	8
27.75	3
27.77	5
27.79	8
27.81	5
27.83	3
27.85	2
27.87	5
27.89	5
27.91	4
27.93	2
27.95	1
27.97	3
27.99	1
28.01	0
28.03	2
28.05	3
28.07	2
28.09	1
28.11	1
28.13	0
28.15	0
28.17	0
28.19	5
28.21	0
28.23	1
28.25	0
28.27	4
28.29	2
28.31	4
28.33	1
28.35	3
28.37	2
28.39	2
28.41	5
28.43	5
28.45	0
28.47	4
28.49	5
28.51	2
28.53	2
28.55	1
28.57	4
28.59	3
28.61	3
28.63	1
28.65	3
28.67	3
28.69	2
28.71	3
28.73	2
28.75	5
28.77	5
28.79	6
28.81	6
28.83	8
28.85	6
28.87	11
28.89	15
28.91	14
28.93	35
28.95	30
28.97	58
28.99	47
29.01	71
29.03	101
29.05	103
29.07	112
29.09	107
29.11	88
29.13	88
29.15	62
29.17	41
29.19	50
29.21	23
29.23	13
29.25	10
29.27	8
29.29	6
29.31	12
29.33	6
29.35	4
29.37	6
29.39	5
29.41	6
29.43	4
29.45	9
29.47	7
29.49	3
29.51	5
29.53	3
29.55	3
29.57	0
29.59	4
29.61	0
29.63	3
29.65	0
29.67	1
29.69	1
29.71	0
29.73	1
29.75	0
29.77	0
29.79	2
29.81	2
29.83	0
29.85	1
29.87	0
29.89	1
29.91	4
29.93	2
29.95	3
29.97	2
29.99	5
30.01	1
30.03	5
30.05	1
30.07	2
30.09	3
30.11	2
30.13	2
30.15	1
30.17	1
30.19	2
30.21	0
30.23	0
30.25	1
30.27	2
30.29	2
30.31	0
30.33	2
30.35	2
30.37	2
30.39	1
30.41	1
30.43	1
30.45	2
30.47	0
30.49	1
30.51	1
30.53	2
30.55	1
30.57	1
30.59	1
30.61	0
30.63	2
30.65	2
30.67	0
30.69	2
30.71	0
30.73	1
30.75	1
30.77	2
30.79	1
30.81	2
30.83	3
30.85	4
30.87	3
30.89	4
30.91	5
30.93	5
30.95	2
30.97	5
30.99	5
31.01	7
31.03	4
31.05	11
31.07	20
31.09	18
31.11	21
31.13	27
31.15	44
31.17	68
31.19	75
31.21	98
31.23	97
31.25	149
31.27	186
31.29	192
31.31	218
31.33	150
31.35	142
31.37	106
31.39	78
31.41	63
31.43	29
31.45	15
31.47	14
31.49	12
31.51	11
31.53	8
31.55	4
31.57	6
31.59	6
31.61	3
31.63	7
31.65	4
31.67	5
31.69	3
31.71	2
31.73	2
31.75	5
31.77	2
31.79	3
31.81	4
31.83	7
31.85	6
31.87	5
31.89	13
31.91	9
31.93	11
31.95	11
31.97	11
31.99	8
32.01	18
32.03	15
32.05	16
32.07	13
32.09	12
32.11	6
32.13	6
32.15	12
32.17	4
32.19	7
32.21	6
32.23	1
32.25	7
32.27	8
32.29	9
32.31	7
32.33	10
32.35	9
32.37	16
32.39	18
32.41	17
32.43	26
32.45	34
32.47	31
32.49	44
32.51	26
32.53	18
32.55	18
32.57	13
32.59	8
32.61	8
32.63	3
32.65	1
32.67	3
32.69	2
32.71	3
32.73	3
32.75	0
32.77	2
32.79	6
32.81	2
32.83	3
32.85	2
32.87	2
32.89	1
32.91	1
32.93	0
32.95	0
32.97	2
32.99	2
33.01	1
33.03	2
33.05	1
33.07	6
33.09	6
33.11	8
33.13	3
33.15	6
33.17	7
33.19	4
33.21	1
33.23	5
33.25	4
33.27	2
33.29	1
33.31	1
33.33	4
33.35	1
33.37	3
33.39	1
33.41	1
33.43	1
33.45	3
33.47	0
33.49	1
33.51	3
33.53	1
33.55	1
33.57	0
33.59	0
33.61	0
33.63	1
33.65	1
33.67	1
33.69	0
33.71	0
33.73	0
33.75	0
33.77	3
33.79	2
33.81	0
33.83	1
33.85	0
33.87	2
33.89	2
33.91	1
33.93	0
33.95	0
33.97	1
33.99	1
34.01	2
34.03	2
34.05	0
34.07	1
34.09	1
34.11	2
34.13	0
34.15	2
34.17	1
34.19	0
34.21	1
34.23	1
34.25	1
34.27	1
34.29	0
34.31	1
34.33	1
34.35	3
34.37	0
34.39	2
34.41	2
34.43	0
34.45	0
34.47	2
34.49	2
34.51	12
34.53	7
34.55	3
34.57	4
34.59	7
34.61	6
34.63	3
34.65	2
34.67	2
34.69	3
34.71	3
34.73	1
34.75	1
34.77	3
34.79	0
34.81	0
34.83	3
34.85	0
34.87	0
34.89	3
34.91	0
34.93	0
34.95	0
34.97	0
34.99	1
35.01	0
35.03	1
35.05	4
35.07	0
35.09	1
35.11	2
35.13	0
35.15	1
35.17	4
35.19	1
35.21	0
35.23	2
35.25	2
35.27	1
35.29	0
35.31	1
35.33	0
35.35	0
35.37	0
35.39	1
35.41	1
35.43	1
35.45	1
35.47	0
35.49	0
35.51	0
35.53	0
35.55	3
35.57	3
35.59	1
35.61	0
35.63	3
35.65	1
35.67	1
35.69	1
35.71	2
35.73	0
35.75	3
35.77	2
35.79	4
35.81	0
35.83	6
35.85	4
35.87	8
35.89	16
35.91	15
35.93	15
35.95	16
35.97	14
35.99	7
36.01	7
36.03	7
36.05	7
36.07	3
36.09	3
36.11	2
36.13	7
36.15	4
36.17	8
36.19	7
36.21	12
36.23	11
36.25	10
36.27	14
36.29	15
36.31	21
36.33	36
36.35	51
36.37	59
36.39	68
36.41	78
36.43	66
36.45	62
36.47	49
36.49	43
36.51	29
36.53	27
36.55	18
36.57	17
36.59	16
36.61	11
36.63	13
36.65	8
36.67	6
36.69	3
36.71	0
36.73	1
36.75	8
36.77	2
36.79	0
36.81	0
36.83	2
36.85	0
36.87	2
36.89	1
36.91	3
36.93	1
36.95	5
36.97	4
36.99	5
37.01	4
37.03	3
37.05	7
37.07	3
37.09	4
37.11	12
37.13	9
37.15	11
37.17	19
37.19	24
37.21	17
37.23	20
37.25	19
37.27	23
37.29	19
37.31	15
37.33	15
37.35	14
37.37	2
37.39	3
37.41	5
37.43	1
37.45	3
37.47	2
37.49	3
37.51	5
37.53	0
37.55	2
37.57	2
37.59	4
37.61	3
37.63	6
37.65	3
37.67	9
37.69	7
37.71	11
37.73	6
37.75	10
37.77	18
37.79	19
37.81	10
37.83	13
37.85	12
37.87	9
37.89	7
37.91	3
37.93	4
37.95	7
37.97	2
37.99	2
38.01	3
38.03	1
38.05	1
38.07	0
38.09	1
38.11	1
38.13	1
38.15	2
38.17	1
38.19	0
38.21	1
38.23	0
38.25	2
38.27	1
38.29	1
38.31	2
38.33	1
38.35	3
38.37	2
38.39	2
38.41	3
38.43	0
38.45	1
38.47	1
38.49	2
38.51	2
38.53	3
38.55	0
38.57	3
38.59	1
38.61	4
38.63	2
38.65	0
38.67	1
38.69	2
38.71	3
38.73	1
38.75	0
38.77	0
38.79	2
38.81	3
38.83	5
38.85	4
38.87	2
38.89	5
38.91	2
38.93	4
38.95	5
38.97	17
38.99	14
39.01	16
39.03	23
39.05	18
39.07	8
39.09	11
39.11	21
39.13	11
39.15	7
39.17	1
39.19	2
39.21	0
39.23	0
39.25	1
39.27	4
39.29	3
39.31	2
39.33	2
39.35	2
39.37	4
39.39	3
39.41	3
39.43	2
39.45	2
39.47	8
39.49	8
39.51	13
39.53	12
39.55	11
39.57	12
39.59	11
39.61	8
39.63	8
39.65	9
39.67	7
39.69	4
39.71	2
39.73	3
39.75	3
39.77	2
39.79	3
39.81	2
39.83	1
39.85	2
39.87	3
39.89	2
39.91	1
39.93	0
39.95	0
39.97	1
39.99	1
40.01	2
40.03	3
40.05	2
40.07	1
40.09	2
40.11	1
40.13	0
40.15	0
40.17	0
40.19	2
40.21	0
40.23	1
40.25	0
40.27	3
40.29	2
40.31	3
40.33	0
40.35	0
40.37	0
40.39	0
40.41	2
40.43	2
40.45	2
40.47	2
40.49	2
40.51	3
40.53	3
40.55	3
40.57	3
40.59	5
40.61	6
40.63	3
40.65	9
40.67	13
40.69	9
40.71	12
40.73	23
40.75	19
40.77	11
40.79	7
40.81	10
40.83	12
40.85	9
40.87	11
40.89	7
40.91	10
40.93	4
40.95	2
40.97	1
40.99	4
41.01	2
41.03	2
41.05	3
41.07	0
41.09	2
41.11	0
41.13	2
41.15	1
41.17	4
41.19	2
41.21	1
41.23	0
41.25	1
41.27	0
41.29	2
41.31	2
41.33	0
41.35	1
41.37	0
41.39	2
41.41	0
41.43	4
41.45	1
41.47	0
41.49	2
41.51	1
41.53	3
41.55	0
41.57	1
41.59	1
41.61	2
41.63	0
41.65	0
41.67	0
41.69	2
41.71	1
41.73	1
41.75	0
41.77	1
41.79	0
41.81	2
41.83	2
41.85	2
41.87	1
41.89	1
41.91	1
41.93	0
41.95	2
41.97	1
41.99	3
42.01	0
42.03	0
42.05	3
42.07	0
42.09	0
42.11	1
42.13	1
42.15	1
42.17	1
42.19	3
42.21	3
42.23	3
42.25	3
42.27	1
42.29	2
42.31	2
42.33	1
42.35	0
42.37	2
42.39	0
42.41	0
42.43	0
42.45	3
42.47	3
42.49	1
42.51	1
42.53	1
42.55	1
42.57	1
42.59	0
42.61	1
42.63	1
42.65	0
42.67	1
42.69	1
42.71	0
42.73	3
42.75	1
42.77	2
42.79	2
42.81	2
42.83	3
42.85	0
42.87	1
42.89	2
42.91	3
42.93	3
42.95	2
42.97	3
42.99	5
43.01	1
43.03	1
43.05	1
43.07	0
43.09	2
43.11	2
43.13	2
43.15	2
43.17	3
43.19	0
43.21	0
43.23	2
43.25	0
43.27	0
43.29	1
43.31	1
43.33	1
43.35	1
43.37	2
43.39	2
43.41	0
43.43	0
43.45	1
43.47	0
43.49	3
43.51	0
43.53	1
43.55	1
43.57	0
43.59	1
43.61	1
43.63	1
43.65	3
43.67	1
43.69	0
43.71	1
43.73	2
43.75	1
43.77	0
43.79	2
43.81	1
43.83	2
43.85	1
43.87	2
43.89	1
43.91	4
43.93	2
43.95	2
43.97	1
43.99	2
44.01	0
44.03	0
44.05	2
44.07	1
44.09	0
44.11	4
44.13	1
44.15	0
44.17	1
44.19	3
44.21	3
44.23	3
44.25	3
44.27	2
44.29	2
44.31	4
44.33	0
44.35	2
44.37	6
44.39	9
44.41	5
44.43	8
44.45	6
44.47	17
44.49	11
44.51	17
44.53	25
44.55	28
44.57	28
44.59	19
44.61	17
44.63	12
44.65	13
44.67	10
44.69	9
44.71	9
44.73	8
44.75	4
44.77	2
44.79	1
44.81	1
44.83	2
44.85	1
44.87	2
44.89	2
44.91	0
44.93	3
44.95	1
44.97	1
44.99	3
45.01	1
45.03	1
45.05	1
45.07	1
45.09	0
45.11	2
45.13	2
45.15	2
45.17	3
45.19	2
45.21	1
45.23	2
45.25	2
45.27	2
45.29	2
45.31	2
45.33	3
45.35	0
45.37	3
45.39	0
45.41	2
45.43	1
45.45	4
45.47	2
45.49	2
45.51	2
45.53	3
45.55	6
45.57	7
45.59	3
45.61	6
45.63	6
45.65	7
45.67	7
45.69	2
45.71	2
45.73	6
45.75	5
45.77	1
45.79	10
45.81	2
45.83	3
45.85	1
45.87	3
45.89	8
45.91	2
45.93	7
45.95	2
45.97	3
45.99	3
46.01	0
46.03	4
46.05	1
46.07	3
46.09	6
46.11	2
46.13	0
46.15	0
46.17	3
46.19	4
46.21	0
46.23	0
46.25	2
46.27	0
46.29	0
46.31	3
46.33	1
46.35	3
46.37	2
46.39	2
46.41	3
46.43	4
46.45	2
46.47	2
46.49	6
46.51	7
46.53	5
46.55	4
46.57	2
46.59	1
46.61	1
46.63	2
46.65	1
46.67	3
46.69	3
46.71	1
46.73	5
46.75	1
46.77	2
46.79	1
46.81	1
46.83	5
46.85	2
46.87	9
46.89	3
46.91	5
46.93	2
46.95	4
46.97	6
46.99	4
47.01	5
47.03	4
47.05	3
47.07	2
47.09	4
47.11	3
47.13	0
47.15	5
47.17	0
47.19	2
47.21	3
47.23	0
47.25	2
47.27	1
47.29	3
47.31	4
47.33	2
47.35	2
47.37	4
47.39	3
47.41	1
47.43	2
47.45	0
47.47	2
47.49	1
47.51	3
47.53	1
47.55	1
47.57	0
47.59	1
47.61	0
47.63	0
47.65	3
47.67	0
47.69	2
47.71	1
47.73	1
47.75	0
47.77	1
47.79	1
47.81	3
47.83	1
47.85	3
47.87	0
47.89	4
47.91	4
47.93	7
47.95	9
47.97	8
47.99	11
48.01	10
48.03	16
48.05	7
48.07	7
48.09	10
48.11	2
48.13	7
48.15	5
48.17	2
48.19	5
48.21	4
48.23	3
48.25	3
48.27	0
48.29	1
48.31	2
48.33	3
48.35	3
48.37	5
48.39	3
48.41	4
48.43	8
48.45	2
48.47	2
48.49	0
48.51	6
48.53	2
48.55	5
48.57	2
48.59	4
48.61	1
48.63	1
48.65	4
48.67	3
48.69	1
48.71	2
48.73	0
48.75	1
48.77	3
48.79	0
48.81	1
48.83	0
48.85	0
48.87	3
48.89	2
48.91	5
48.93	7
48.95	4
48.97	11
48.99	4
49.01	7
49.03	14
49.05	10
49.07	15
49.09	18
49.11	17
49.13	18
49.15	15
49.17	11
49.19	11
49.21	14
49.23	8
49.25	16
49.27	10
49.29	8
49.31	10
49.33	1
49.35	9
49.37	4
49.39	6
49.41	3
49.43	4
49.45	5
49.47	9
49.49	9
49.51	7
49.53	4
49.55	8
49.57	4
49.59	7
49.61	10
49.63	5
49.65	9
49.67	8
49.69	4
49.71	3
49.73	6
49.75	5
49.77	8
49.79	9
49.81	5
49.83	2
49.85	7
49.87	7
49.89	6
49.91	7
49.93	6
49.95	5
49.97	4
49.99	4
50.01	2
50.03	2
50.05	3
50.07	4
50.09	9
50.11	4
50.13	10
50.15	8
50.17	8
50.19	5
50.21	3
50.23	4
50.25	4
50.27	5
50.29	4
50.31	3
50.33	2
50.35	1
50.37	2
50.39	2
50.41	1
50.43	2
50.45	3
50.47	0
50.49	3
50.51	1
50.53	5
50.55	4
50.57	4
50.59	4
50.61	2
50.63	4
50.65	2
50.67	2
50.69	2
50.71	3
50.73	4
50.75	2
50.77	5
50.79	4
50.81	7
50.83	1
50.85	3
50.87	0
50.89	3
50.91	4
50.93	3
50.95	3
50.97	5
50.99	4
51.01	2
51.03	1
51.05	5
51.07	2
51.09	4
51.11	4
51.13	2
51.15	4
51.17	3
51.19	2
51.21	0
51.23	3
51.25	1
51.27	1
51.29	0
51.31	1
51.33	2
51.35	4
51.37	2
51.39	4
51.41	7
51.43	11
51.45	9
51.47	15
51.49	20
51.51	7
51.53	17
51.55	17
51.57	17
51.59	16
51.61	10
51.63	19
51.65	14
51.67	11
51.69	10
51.71	18
51.73	12
51.75	14
51.77	9
51.79	8
51.81	8
51.83	6
51.85	20
51.87	10
51.89	20
51.91	24
51.93	38
51.95	53
51.97	67
51.99	71
52.01	56
52.03	52
52.05	38
52.07	26
52.09	35
52.11	38
52.13	40
52.15	30
52.17	20
52.19	21
52.21	17
52.23	12
52.25	18
52.27	17
52.29	18
52.31	15
52.33	16
52.35	31
52.37	42
52.39	26
52.41	25
52.43	11
52.45	20
52.47	22
52.49	24
52.51	20
52.53	12
52.55	14
52.57	2
52.59	8
52.61	7
52.63	5
52.65	4
52.67	5
52.69	1
52.71	4
52.73	1
52.75	2
52.77	3
52.79	1
52.81	3
52.83	2
52.85	8
52.87	4
52.89	9
52.91	4
52.93	11
52.95	14
52.97	15
52.99	16
53.01	8
53.03	9
53.05	12
53.07	7
53.09	6
53.11	4
53.13	12
53.15	8
53.17	2
53.19	4
53.21	4
53.23	4
53.25	2
53.27	3
53.29	4
53.31	4
53.33	1
53.35	3
53.37	2
53.39	0
53.41	1
53.43	3
53.45	4
53.47	1
53.49	2
53.51	2
53.53	3
53.55	2
53.57	3
53.59	1
53.61	3
53.63	1
53.65	4
53.67	3
53.69	1
53.71	1
53.73	3
53.75	3
53.77	0
53.79	2
53.81	0
53.83	2
53.85	2
53.87	0
53.89	1
53.91	2
53.93	2
53.95	1
53.97	2
53.99	3
54.01	1
54.03	1
54.05	2
54.07	2
54.09	1
54.11	0
54.13	1
54.15	1
54.17	0
54.19	0
54.21	3
54.23	5
54.25	2
54.27	4
54.29	2
54.31	2
54.33	2
54.35	0
54.37	0
54.39	4
54.41	1
54.43	5
54.45	0
54.47	0
54.49	0
54.51	3
54.53	1
54.55	1
54.57	3
54.59	1
54.61	0
54.63	0
54.65	1
54.67	3
54.69	3
54.71	0
54.73	0
54.75	1
54.77	4
54.79	0
54.81	2
54.83	1
54.85	3
54.87	3
54.89	2
54.91	4
54.93	0
54.95	1
54.97	1
54.99	0
55.01	1
55.03	2
55.05	1
55.07	2
55.09	2
55.11	2
55.13	1
55.15	1
55.17	1
55.19	0
55.21	4
55.23	0
55.25	4
55.27	2
55.29	2
55.31	1
55.33	1
55.35	3
55.37	1
55.39	2
55.41	1
55.43	1
55.45	1
55.47	0
55.49	4
55.51	1
55.53	2
55.55	5
55.57	1
55.59	2
55.61	3
55.63	7
55.65	15
55.67	4
55.69	7
55.71	7
55.73	6
55.75	8
55.77	5
55.79	2
55.81	4
55.83	1
55.85	7
55.87	8
55.89	3
55.91	3
55.93	3
55.95	3
55.97	7
55.99	2
56.01	5
56.03	2
56.05	2
56.07	6
56.09	6
56.11	8
56.13	5
56.15	2
56.17	9
56.19	6
56.21	4
56.23	5
56.25	1
56.27	6
56.29	4
56.31	7
56.33	4
56.35	5
56.37	3
56.39	1
56.41	5
56.43	0
56.45	2
56.47	4
56.49	7
56.51	0
56.53	3
56.55	1
56.57	1
56.59	1
56.61	3
56.63	2
56.65	2
56.67	2
56.69	2
56.71	2
56.73	0
56.75	1
56.77	3
56.79	0
56.81	3
56.83	3
56.85	2
56.87	2
56.89	3
56.91	4
56.93	1
56.95	0
56.97	2
56.99	2
57.01	2
57.03	3
57.05	1
57.07	1
57.09	0
57.11	2
57.13	1
57.15	3
57.17	0
57.19	4
57.21	4
57.23	3
57.25	1
57.27	5
57.29	2
57.31	3
57.33	5
57.35	3
57.37	2
57.39	4
57.41	5
57.43	3
57.45	3
57.47	3
57.49	3
57.51	0
57.53	3
57.55	4
57.57	6
57.59	7
57.61	7
57.63	6
57.65	12
57.67	8
57.69	9
57.71	9
57.73	4
57.75	5
57.77	7
57.79	8
57.81	9
57.83	4
57.85	1
57.87	6
57.89	2
57.91	1
57.93	1
57.95	2
57.97	1
57.99	3
58.01	2
58.03	1
58.05	2
58.07	3
58.09	2
58.11	0
58.13	1
58.15	0
58.17	0
58.19	0
58.21	1
58.23	0
58.25	3
58.27	1
58.29	2
58.31	1
58.33	1
58.35	1
58.37	2
58.39	0
58.41	1
58.43	2
58.45	1
58.47	0
58.49	2
58.51	0
58.53	0
58.55	3
58.57	4
58.59	1
58.61	0
58.63	1
58.65	2
58.67	3
58.69	1
58.71	2
58.73	4
58.75	0
58.77	0
58.79	2
58.81	1
58.83	1
58.85	1
58.87	1
58.89	3
58.91	0
58.93	1
58.95	1
58.97	0
58.99	4
59.01	1
59.03	1
59.05	1
59.07	1
59.09	1
59.11	0
59.13	0
59.15	1
59.17	1
59.19	6
59.21	2
59.23	0
59.25	0
59.27	1
59.29	3
59.31	0
59.33	0
59.35	0
59.37	1
59.39	0
59.41	0
59.43	1
59.45	1
59.47	2
59.49	1
59.51	0
59.53	1
59.55	1
59.57	1
59.59	1
59.61	1
59.63	3
59.65	0
59.67	1
59.69	0
59.71	0
59.73	0
59.75	0
59.77	2
59.79	0
59.81	1
59.83	2
59.85	0
59.87	0
59.89	0
59.91	1
59.93	0
59.95	2
59.97	3
59.99	1
60.01	2
60.03	5
60.05	0
60.07	4
60.09	4
60.11	2
60.13	4
60.15	5
60.17	4
60.19	5
60.21	7
60.23	13
60.25	14
60.27	7
60.29	8
60.31	12
60.33	6
60.35	6
60.37	7
60.39	9
60.41	8
60.43	6
60.45	8
60.47	4
60.49	3
60.51	5
60.53	7
60.55	1
60.57	4
60.59	1
60.61	3
60.63	0
60.65	3
60.67	3
60.69	3
60.71	3
60.73	4
60.75	5
60.77	3
60.79	3
60.81	0
60.83	1
60.85	0
60.87	3
60.89	2
60.91	2
60.93	1
60.95	3
60.97	1
60.99	0
61.01	2
61.03	1
61.05	2
61.07	0
61.09	3
61.11	2
61.13	1
61.15	2
61.17	2
61.19	0
61.21	0
61.23	0
61.25	3
61.27	1
61.29	5
61.31	3
61.33	4
61.35	4
61.37	3
61.39	1
61.41	4
61.43	6
61.45	10
61.47	12
61.49	15
61.51	9
61.53	9
61.55	12
61.57	13
61.59	7
61.61	9
61.63	7
61.65	5
61.67	7
61.69	6
61.71	11
61.73	6
61.75	2
61.77	3
61.79	3
61.81	3
61.83	4
61.85	3
61.87	2
61.89	2
61.91	0
61.93	1
61.95	3
61.97	1
61.99	1
62.01	1
62.03	2
62.05	0
62.07	4
62.09	1
62.11	2
62.13	1
62.15	1
62.17	4
62.19	5
62.21	2
62.23	1
62.25	0
62.27	1
62.29	2
62.31	0
62.33	4
62.35	0
62.37	0
62.39	1
62.41	2
62.43	1
62.45	2
62.47	2
62.49	4
62.51	2
62.53	0
62.55	1
62.57	1
62.59	0
62.61	1
62.63	1
62.65	1
62.67	1
62.69	0
62.71	1
62.73	2
62.75	4
62.77	1
62.79	0
62.81	0
62.83	0
62.85	1
62.87	1
62.89	3
62.91	1
62.93	0
62.95	0
62.97	1
62.99	0
63.01	0
63.03	0
63.05	1
63.07	2
63.09	2
63.11	3
63.13	0
63.15	0
63.17	3
63.19	1
63.21	2
63.23	2
63.25	4
63.27	5
63.29	3
63.31	9
63.33	4
63.35	12
63.37	12
63.39	15
63.41	14
63.43	18
63.45	10
63.47	8
63.49	12
63.51	7
63.53	5
63.55	9
63.57	11
63.59	5
63.61	11
63.63	11
63.65	2
63.67	8
63.69	3
63.71	2
63.73	0
63.75	2
63.77	5
63.79	2
63.81	2
63.83	1
63.85	1
63.87	6
63.89	0
63.91	0
63.93	1
63.95	0
63.97	2
63.99	0
64.01	1
64.03	2
64.05	2
64.07	2
64.09	2
64.11	1
64.13	3
64.15	3
64.17	4
64.19	2
64.21	3
64.23	4
64.25	2
64.27	1
64.29	0
64.31	4
64.33	2
64.35	1
64.37	1
64.39	1
64.41	4
64.43	2
64.45	5
64.47	6
64.49	1
64.51	4
64.53	1
64.55	0
64.57	4
64.59	3
64.61	0
64.63	2
64.65	0
64.67	4
64.69	3
64.71	1
64.73	2
64.75	0
64.77	1
64.79	1
64.81	0
64.83	0
64.85	2
64.87	1
64.89	2
64.91	4
64.93	2
64.95	3
64.97	11
64.99	6
65.01	4
65.03	16
65.05	15
65.07	10
65.09	6
65.11	7
65.13	5
65.15	8
65.17	3
65.19	12
65.21	13
65.23	11
65.25	10
65.27	11
65.29	10
65.31	6
65.33	11
65.35	7
65.37	3
65.39	6
65.41	3
65.43	8
65.45	8
65.47	9
65.49	4
65.51	1
65.53	6
65.55	2
65.57	1
65.59	2
65.61	3
65.63	1
65.65	0
65.67	0
65.69	4
65.71	1
65.73	1
65.75	0
65.77	1
65.79	0
65.81	1
65.83	1
65.85	1
65.87	2
65.89	1
65.91	1
65.93	2
65.95	1
65.97	3
65.99	0
66.01	0
66.03	1
66.05	0
66.07	3
66.09	2
66.11	0
66.13	0
66.15	1
66.17	1
66.19	4
66.21	3
66.23	0
66.25	1
66.27	3
66.29	2
66.31	0
66.33	5
66.35	3
66.37	3
66.39	3
66.41	4
66.43	4
66.45	3
66.47	5
66.49	7
66.51	6
66.53	5
66.55	4
66.57	1
66.59	6
66.61	1
66.63	3
66.65	3
66.67	4
66.69	3
66.71	1
66.73	2
66.75	0
66.77	5
66.79	1
66.81	3
66.83	0
66.85	5
66.87	2
66.89	2
66.91	6
66.93	1
66.95	0
66.97	3
66.99	6
67.01	1
67.03	4
67.05	9
67.07	15
67.09	12
67.11	12
67.13	22
67.15	12
67.17	8
67.19	7
67.21	6
67.23	12
67.25	12
67.27	5
67.29	8
67.31	4
67.33	4
67.35	8
67.37	3
67.39	3
67.41	3
67.43	3
67.45	6
67.47	5
67.49	2
67.51	3
67.53	2
67.55	2
67.57	6
67.59	6
67.61	4
67.63	5
67.65	7
67.67	11
67.69	10
67.71	15
67.73	8
67.75	9
67.77	8
67.79	9
67.81	12
67.83	6
67.85	8
67.87	8
67.89	15
67.91	5
67.93	6
67.95	8
67.97	5
67.99	5
68.01	10
68.03	4
68.05	5
68.07	3
68.09	3
68.11	1
68.13	3
68.15	1
68.17	0
68.19	1
68.21	3
68.23	0
68.25	1
68.27	4
68.29	2
68.31	0
68.33	2
68.35	1
68.37	1
68.39	0
68.41	1
68.43	1
68.45	2
68.47	1
68.49	0
68.51	2
68.53	0
68.55	1
68.57	2
68.59	0
68.61	0
68.63	0
68.65	1
68.67	1
68.69	2
68.71	0
68.73	1
68.75	1
68.77	0
68.79	3
68.81	2
68.83	1
68.85	0
68.87	2
68.89	0
68.91	1
68.93	1
68.95	1
68.97	0
68.99	0
69.01	1
69.03	5
69.05	0
69.07	1
69.09	1
69.11	5
69.13	1
69.15	1
69.17	1
69.19	3
69.21	1
69.23	2
69.25	2
69.27	1
69.29	0
69.31	1
69.33	0
69.35	0
69.37	0
69.39	2
69.41	2
69.43	2
69.45	1
69.47	1
69.49	0
69.51	0
69.53	2
69.55	3
69.57	1
69.59	0
69.61	1
69.63	0
69.65	0
69.67	2
69.69	1
69.71	1
69.73	2
69.75	1
69.77	1
69.79	1
69.81	0
69.83	1
69.85	1
69.87	0
69.89	0
69.91	2
69.93	0
69.95	1
69.97	1
69.99	0
70.01	0
70.03	1
70.05	5
70.07	0
70.09	5
70.11	3
70.13	3
70.15	7
70.17	4
70.19	5
70.21	9
70.23	1
70.25	4
70.27	2
70.29	5
70.31	3
70.33	3
70.35	1
70.37	5
70.39	2
70.41	3
70.43	3
70.45	3
70.47	1
70.49	3
70.51	3
70.53	3
70.55	7
70.57	6
70.59	5
70.61	8
70.63	5
70.65	10
70.67	6
70.69	8
70.71	5
70.73	4
70.75	6
70.77	3
70.79	3
70.81	5
70.83	3
70.85	13
70.87	3
70.89	6
70.91	4
70.93	4
70.95	3
70.97	5
70.99	5
71.01	3
71.03	2
71.05	5
71.07	0
71.09	4
71.11	2
71.13	2
71.15	2
71.17	2
71.19	1
71.21	7
71.23	6
71.25	4
71.27	1
71.29	3
71.31	3
71.33	2
71.35	0
71.37	2
71.39	2
71.41	2
71.43	1
71.45	1
71.47	3
71.49	0
71.51	1
71.53	0
71.55	1
71.57	0
71.59	1
71.61	0
71.63	0
71.65	0
71.67	1
71.69	3
71.71	1
71.73	1
71.75	1
71.77	0
71.79	1
71.81	1
71.83	3
71.85	2
71.87	1
71.89	3
71.91	2
71.93	2
71.95	2
71.97	2
71.99	2
72.01	0
72.03	2
72.05	2
72.07	1
72.09	3
72.11	1
72.13	3
72.15	2
72.17	0
72.19	9
72.21	3
72.23	3
72.25	4
72.27	5
72.29	2
72.31	2
72.33	3
72.35	4
72.37	6
72.39	7
72.41	5
72.43	10
72.45	7
72.47	11
72.49	7
72.51	6
72.53	4
72.55	6
72.57	7
72.59	9
72.61	9
72.63	3
72.65	6
72.67	5
72.69	8
72.71	6
72.73	2
72.75	4
72.77	6
72.79	0
72.81	2
72.83	4
72.85	0
72.87	0
72.89	1
72.91	2
72.93	5
72.95	0
72.97	1
72.99	1
73.01	1
73.03	2
73.05	4
73.07	1
73.09	3
73.11	0
73.13	2
73.15	1
73.17	2
73.19	0
73.21	0
73.23	0
73.25	2
73.27	3
73.29	3
73.31	3
73.33	0
73.35	1
73.37	1
73.39	0
73.41	1
73.43	3
73.45	1
73.47	2
73.49	0
73.51	1
73.53	1
73.55	1
73.57	2
73.59	2
73.61	3
73.63	5
73.65	1
73.67	2
73.69	5
73.71	4
73.73	0
73.75	1
73.77	1
73.79	1
73.81	0
73.83	2
73.85	1
73.87	3
73.89	0
73.91	2
73.93	2
73.95	1
73.97	1
73.99	1
74.01	1
74.03	1
74.05	0
74.07	2
74.09	1
74.11	1
74.13	1
74.15	0
74.17	2
74.19	0
74.21	1
74.23	0
74.25	2
74.27	1
74.29	2
74.31	2
74.33	1
74.35	1
74.37	2
74.39	3
74.41	0
74.43	2
74.45	1
74.47	1
74.49	2
74.51	2
74.53	0
74.55	0
74.57	2
74.59	2
74.61	2
74.63	0
74.65	0
74.67	3
74.69	2
74.71	5
74.73	1
74.75	8
74.77	4
74.79	4
74.81	4
74.83	1
74.85	5
74.87	0
74.89	1
74.91	2
74.93	2
74.95	2
74.97	0
74.99	4
75.01	2
75.03	1
75.05	0
75.07	1
75.09	1
75.11	2
75.13	1
75.15	0
75.17	4
75.19	0
75.21	3
75.23	0
75.25	0
75.27	3
75.29	2
75.31	0
75.33	2
75.35	1
75.37	2
75.39	1
75.41	1
75.43	2
75.45	5
75.47	4
75.49	3
75.51	1
75.53	3
75.55	2
75.57	3
75.59	3
75.61	3
75.63	1
75.65	4
75.67	3
75.69	3
75.71	5
75.73	6
75.75	4
75.77	11
75.79	7
75.81	10
75.83	8
75.85	8
75.87	14
75.89	5
75.91	15
75.93	12
75.95	8
75.97	7
75.99	6
76.01	2
76.03	9
76.05	3
76.07	4
76.09	7
76.11	5
76.13	4
76.15	5
76.17	4
76.19	6
76.21	3
76.23	2
76.25	1
76.27	2
76.29	5
76.31	4
76.33	1
76.35	3
76.37	2
76.39	2
76.41	5
76.43	3
76.45	4
76.47	2
76.49	3
76.51	4
76.53	4
76.55	1
76.57	1
76.59	3
76.61	2
76.63	2
76.65	2
76.67	3
76.69	4
76.71	5
76.73	3
76.75	4
76.77	0
76.79	0
76.81	4
76.83	3
76.85	4
76.87	1
76.89	5
76.91	3
76.93	7
76.95	3
76.97	8
76.99	6
77.01	5
77.03	10
77.05	4
77.07	7
77.09	2
77.11	3
77.13	8
77.15	5
77.17	4
77.19	1
77.21	8
77.23	3
77.25	3
77.27	2
77.29	3
77.31	1
77.33	6
77.35	4
77.37	2
77.39	2
77.41	3
77.43	2
77.45	0
77.47	1
77.49	0
77.51	0
77.53	1
77.55	4
77.57	0
77.59	1
77.61	2
77.63	0
77.65	1
77.67	0
77.69	1
77.71	2
77.73	3
77.75	2
77.77	3
77.79	0
77.81	2
77.83	1
77.85	1
77.87	1
77.89	2
77.91	0
77.93	1
77.95	0
77.97	0
77.99	1
78.01	2
78.03	2
78.05	3
78.07	2
78.09	7
78.11	1
78.13	0
78.15	2
78.17	2
78.19	2
78.21	0
78.23	3
78.25	3
78.27	2
78.29	1
78.31	1
78.33	3
78.35	4
78.37	5
78.39	0
78.41	2
78.43	0
78.45	2
78.47	1
78.49	3
78.51	0
78.53	1
78.55	1
78.57	1
78.59	1
78.61	2
78.63	3
78.65	1
78.67	3
78.69	0
78.71	4
78.73	1
78.75	3
78.77	2
78.79	0
78.81	1
78.83	2
78.85	1
78.87	0
78.89	0
78.91	3
78.93	1
78.95	0
78.97	0
78.99	0
79.01	4
79.03	2
79.05	2
79.07	4
79.09	4
79.11	4
79.13	3
79.15	0
79.17	0
79.19	3
79.21	3
79.23	3
79.25	4
79.27	2
79.29	1
79.31	4
79.33	0
79.35	0
79.37	1
79.39	2
79.41	2
79.43	1
79.45	0
79.47	2
79.49	6
79.51	1
79.53	2
79.55	0
79.57	1
79.59	2
79.61	3
79.63	2
79.65	4
79.67	3
79.69	1
79.71	2
79.73	2
79.75	4
79.77	3
79.79	7
79.81	9
79.83	5
79.85	5
79.87	14
79.89	8
79.91	6
79.93	8
79.95	5
79.97	4
79.99	4
80.01	3
80.03	2
80.05	7
80.07	3
80.09	5
80.11	3
80.13	3
80.15	1
80.17	1
80.19	3
80.21	2
80.23	2
80.25	2
80.27	0
80.29	2
80.31	2
80.33	1
80.35	2
80.37	1
80.39	3
80.41	1
80.43	0
80.45	0
80.47	1
80.49	0
80.51	3
80.53	0
80.55	1
80.57	0
80.59	1
80.61	1
80.63	1
80.65	0
80.67	0
80.69	0
80.71	1
80.73	1
80.75	1
80.77	1
80.79	3
80.81	4
80.83	3
80.85	1
80.87	2
80.89	2
80.91	1
80.93	4
80.95	4
80.97	5
80.99	5
81.01	7
81.03	3
81.05	2
81.07	3
81.09	1
81.11	5
81.13	3
81.15	5
81.17	1
81.19	4
81.21	5
81.23	8
81.25	7
81.27	4
81.29	7
81.31	4
81.33	9
81.35	4
81.37	5
81.39	4
81.41	1
81.43	3
81.45	3
81.47	2
81.49	6
81.51	4
81.53	1
81.55	1
81.57	6
81.59	5
81.61	3
81.63	2
81.65	2
81.67	1
81.69	3
81.71	1
81.73	1
81.75	1
81.77	2
81.79	2
81.81	0
81.83	1
81.85	1
81.87	4
81.89	2
81.91	2
81.93	1
81.95	2
81.97	1
81.99	1
82.01	2
82.03	2
82.05	1
82.07	3
82.09	0
82.11	1
82.13	1
82.15	4
82.17	1
82.19	1
82.21	2
82.23	2
82.25	1
82.27	0
82.29	2
82.31	2
82.33	1
82.35	0
82.37	1
82.39	0
82.41	1
82.43	3
82.45	3
82.47	1
82.49	4
82.51	0
82.53	2
82.55	1
82.57	2
82.59	2
82.61	4
82.63	2
82.65	3
82.67	1
82.69	1
82.71	4
82.73	4
82.75	5
82.77	1
82.79	2
82.81	2
82.83	0
82.85	1
82.87	0
82.89	1
82.91	2
82.93	2
82.95	3
82.97	1
82.99	4
83.01	2
83.03	1
83.05	0
83.07	2
83.09	2
83.11	1
83.13	0
83.15	2
83.17	3
83.19	2
83.21	2
83.23	2
83.25	1
83.27	2
83.29	0
83.31	2
83.33	0
83.35	0
83.37	1
83.39	2
83.41	0
83.43	3
83.45	3
83.47	1
83.49	10
83.51	4
83.53	6
83.55	6
83.57	4
83.59	7
83.61	5
83.63	4
83.65	2
83.67	2
83.69	4
83.71	1
83.73	5
83.75	0
83.77	4
83.79	5
83.81	4
83.83	5
83.85	7
83.87	1
83.89	2
83.91	1
83.93	3
83.95	0
83.97	2
83.99	3
84.01	1
84.03	3
84.05	2
84.07	1
84.09	1
84.11	0
84.13	1
84.15	2
84.17	1
84.19	0
84.21	0
84.23	1
84.25	0
84.27	0
84.29	1
84.31	0
84.33	0
84.35	1
84.37	2
84.39	0
84.41	0
84.43	1
84.45	2
84.47	2
84.49	2
84.51	3
84.53	0
84.55	0
84.57	1
84.59	4
84.61	0
84.63	1
84.65	1
84.67	3
84.69	3
84.71	2
84.73	3
84.75	0
84.77	3
84.79	0
84.81	2
84.83	3
84.85	5
84.87	2
84.89	6
84.91	4
84.93	6
84.95	5
84.97	3
84.99	4
85.01	3
85.03	8
85.05	2
85.07	4
85.09	5
85.11	2
85.13	5
85.15	3
85.17	3
85.19	5
85.21	4
85.23	0
85.25	4
85.27	1
85.29	1
85.31	4
85.33	1
85.35	0
85.37	3
85.39	0
85.41	1
85.43	3
85.45	4
85.47	0
85.49	1
85.51	1
85.53	3
85.55	1
85.57	0
85.59	2
85.61	2
85.63	3
85.65	2
85.67	1
85.69	2
85.71	3
85.73	2
85.75	2
85.77	3
85.79	3
85.81	2
85.83	1
85.85	3
85.87	5
85.89	5
85.91	2
85.93	5
85.95	9
85.97	5
85.99	13
86.01	8
86.03	10
86.05	5
86.07	6
86.09	5
86.11	4
86.13	5
86.15	8
86.17	3
86.19	7
86.21	7
86.23	6
86.25	6
86.27	8
86.29	4
86.31	7
86.33	4
86.35	2
86.37	2
86.39	4
86.41	2
86.43	3
86.45	2
86.47	2
86.49	2
86.51	3
86.53	2
86.55	3
86.57	3
86.59	1
86.61	0
86.63	1
86.65	0
86.67	0
86.69	2
86.71	1
86.73	0
86.75	1
86.77	1
86.79	0
86.81	0
86.83	2
86.85	2
86.87	1
86.89	1
86.91	0
86.93	2
86.95	1
86.97	2
86.99	1
87.01	2
87.03	1
87.05	3
87.07	2
87.09	3
87.11	4
87.13	12
87.15	9
87.17	5
87.19	6
87.21	4
87.23	1
87.25	2
87.27	6
87.29	1
87.31	2
87.33	1
87.35	3
87.37	2
87.39	4
87.41	2
87.43	2
87.45	6
87.47	3
87.49	3
87.51	0
87.53	1
87.55	0
87.57	2
87.59	2
87.61	1
87.63	1
87.65	1
87.67	2
87.69	2
87.71	1
87.73	1
87.75	0
87.77	1
87.79	2
87.81	1
87.83	4
87.85	3
87.87	0
87.89	3
87.91	1
87.93	3
87.95	1
87.97	2
87.99	2
88.01	2
88.03	2
88.05	2
88.07	0
88.09	2
88.11	3
88.13	2
88.15	0
88.17	2
88.19	1
88.21	1
88.23	2
88.25	2
88.27	4
88.29	2
88.31	2
88.33	1
88.35	2
88.37	1
88.39	1
88.41	2
88.43	1
88.45	0
88.47	1
88.49	0
88.51	0
88.53	1
88.55	2
88.57	1
88.59	2
88.61	2
88.63	0
88.65	2
88.67	1
88.69	0
88.71	0
88.73	2
88.75	0
88.77	1
88.79	0
88.81	1
88.83	2
88.85	1
88.87	1
88.89	1
88.91	2
88.93	0
88.95	0
88.97	2
88.99	0
89.01	2
89.03	2
89.05	0
89.07	2
89.09	8
89.11	1
89.13	3
89.15	1
89.17	3
89.19	2
89.21	2
89.23	4
89.25	3
89.27	2
89.29	2
89.31	4
89.33	4
89.35	1
89.37	4
89.39	3
89.41	1
89.43	2
89.45	0
89.47	6
89.49	2
89.51	1
89.53	2
89.55	0
89.57	0
89.59	1
89.61	2
89.63	1
89.65	5
89.67	2
89.69	1
89.71	2
89.73	0
89.75	2
89.77	1
89.79	3
89.81	1
89.83	2
89.85	0
89.87	3
89.89	2
89.91	1
89.93	0
89.95	1
89.97	0
89.99	0
