10.0100 4.0
10.0300 2.0
10.0500 1.0
10.0700 4.0
10.0900 0.0
10.1100 3.0
10.1300 2.0
10.1500 0.0
10.1700 2.0
10.1900 4.0
10.2100 4.0
10.2300 0.0
10.2500 1.0
10.2700 0.0
10.2900 2.0
10.3100 1.0
10.3300 0.0
10.3500 1.0
10.3700 2.0
10.3900 0.0
10.4100 3.0
10.4300 0.0
10.4500 2.0
10.4700 2.0
10.4900 1.0
10.5100 2.0
10.5300 2.0
10.5500 1.0
10.5700 2.0
10.5900 2.0
10.6100 2.0
10.6300 3.0
10.6500 0.0
10.6700 0.0
10.6900 2.0
10.7100 0.0
10.7300 0.0
10.7500 2.0
10.7700 2.0
10.7900 3.0
10.8100 2.0
10.8300 1.0
10.8500 0.0
10.8700 0.0
10.8900 1.0
10.9100 1.0
10.9300 2.0
10.9500 1.0
10.9700 1.0
10.9900 1.0
11.0100 2.0
11.0300 1.0
11.0500 2.0
11.0700 1.0
11.0900 0.0
11.1100 2.0
11.1300 1.0
11.1500 1.0
11.1700 4.0
11.1900 3.0
11.2100 4.0
11.2300 1.0
11.2500 1.0
11.2700 0.0
11.2900 3.0
11.3100 2.0
11.3300 2.0
11.3500 3.0
11.3700 1.0
11.3900 0.0
11.4100 1.0
11.4300 1.0
11.4500 0.0
11.4700 4.0
11.4900 3.0
11.5100 1.0
11.5300 0.0
11.5500 1.0
11.5700 0.0
11.5900 0.0
11.6100 2.0
11.6300 0.0
11.6500 3.0
11.6700 2.0
11.6900 1.0
11.7100 0.0
11.7300 2.0
11.7500 5.0
11.7700 0.0
11.7900 1.0
11.8100 2.0
11.8300 1.0
11.8500 1.0
11.8700 1.0
11.8900 2.0
11.9100 1.0
11.9300 1.0
11.9500 2.0
11.9700 2.0
11.9900 2.0
12.0100 1.0
12.0300 1.0
12.0500 1.0
12.0700 0.0
12.0900 2.0
12.1100 1.0
12.1300 3.0
12.1500 3.0
12.1700 1.0
12.1900 3.0
12.2100 2.0
12.2300 3.0
12.2500 0.0
12.2700 4.0
12.2900 0.0
12.3100 2.0
12.3300 0.0
12.3500 1.0
12.3700 2.0
12.3900 2.0
12.4100 1.0
12.4300 2.0
12.4500 0.0
12.4700 1.0
12.4900 0.0
12.5100 0.0
12.5300 2.0
12.5500 1.0
12.5700 0.0
12.5900 3.0
12.6100 0.0
12.6300 0.0
12.6500 0.0
12.6700 2.0
12.6900 1.0
12.7100 1.0
12.7300 0.0
12.7500 1.0
12.7700 1.0
12.7900 3.0
12.8100 4.0
12.8300 2.0
12.8500 1.0
12.8700 0.0
12.8900 5.0
12.9100 1.0
12.9300 4.0
12.9500 3.0
12.9700 0.0
12.9900 2.0
13.0100 0.0
13.0300 1.0
13.0500 1.0
13.0700 2.0
13.0900 2.0
13.1100 0.0
13.1300 1.0
13.1500 0.0
13.1700 1.0
13.1900 2.0
13.2100 1.0
13.2300 4.0
13.2500 0.0
13.2700 1.0
13.2900 1.0
13.3100 0.0
13.3300 2.0
13.3500 1.0
13.3700 3.0
13.3900 1.0
13.4100 0.0
13.4300 3.0
13.4500 0.0
13.4700 0.0
13.4900 0.0
13.5100 1.0
13.5300 0.0
13.5500 0.0
13.5700 1.0
13.5900 1.0
13.6100 0.0
13.6300 3.0
13.6500 0.0
13.6700 2.0
13.6900 1.0
13.7100 2.0
13.7300 0.0
13.7500 0.0
13.7700 1.0
13.7900 1.0
13.8100 1.0
13.8300 1.0
13.8500 2.0
13.8700 0.0
13.8900 1.0
13.9100 2.0
13.9300 1.0
13.9500 1.0
13.9700 0.0
13.9900 0.0
14.0100 1.0
14.0300 0.0
14.0500 3.0
14.0700 2.0
14.0900 2.0
14.1100 2.0
14.1300 1.0
14.1500 1.0
14.1700 0.0
14.1900 2.0
14.2100 1.0
14.2300 2.0
14.2500 0.0
14.2700 2.0
14.2900 0.0
14.3100 1.0
14.3300 1.0
14.3500 3.0
14.3700 1.0
14.3900 2.0
14.4100 1.0
14.4300 2.0
14.4500 2.0
14.4700 1.0
14.4900 0.0
14.5100 2.0
14.5300 2.0
14.5500 3.0
14.5700 0.0
14.5900 1.0
14.6100 2.0
14.6300 0.0
14.6500 1.0
14.6700 2.0
14.6900 0.0
14.7100 2.0
14.7300 0.0
14.7500 1.0
14.7700 1.0
14.7900 1.0
14.8100 1.0
14.8300 2.0
14.8500 0.0
14.8700 0.0
14.8900 2.0
14.9100 2.0
14.9300 1.0
14.9500 3.0
14.9700 3.0
14.9900 0.0
15.0100 2.0
15.0300 1.0
15.0500 0.0
15.0700 2.0
15.0900 3.0
15.1100 2.0
15.1300 2.0
15.1500 0.0
15.1700 1.0
15.1900 3.0
15.2100 4.0
15.2300 0.0
15.2500 1.0
15.2700 3.0
15.2900 5.0
15.3100 3.0
15.3300 2.0
15.3500 0.0
15.3700 3.0
15.3900 4.0
15.4100 1.0
15.4300 1.0
15.4500 4.0
15.4700 1.0
15.4900 2.0
15.5100 1.0
15.5300 0.0
15.5500 1.0
15.5700 2.0
15.5900 2.0
15.6100 1.0
15.6300 2.0
15.6500 1.0
15.6700 0.0
15.6900 4.0
15.7100 0.0
15.7300 1.0
15.7500 2.0
15.7700 0.0
15.7900 1.0
15.8100 3.0
15.8300 0.0
15.8500 1.0
15.8700 1.0
15.8900 1.0
15.9100 0.0
15.9300 3.0
15.9500 1.0
15.9700 4.0
15.9900 1.0
16.0100 1.0
16.0300 3.0
16.0500 2.0
16.0700 0.0
16.0900 3.0
16.1100 2.0
16.1300 2.0
16.1500 4.0
16.1700 2.0
16.1900 1.0
16.2100 4.0
16.2300 3.0
16.2500 2.0
16.2700 2.0
16.2900 0.0
16.3100 1.0
16.3300 2.0
16.3500 6.0
16.3700 1.0
16.3900 1.0
16.4100 0.0
16.4300 0.0
16.4500 0.0
16.4700 3.0
16.4900 0.0
16.5100 4.0
16.5300 3.0
16.5500 0.0
16.5700 2.0
16.5900 1.0
16.6100 2.0
16.6300 1.0
16.6500 0.0
16.6700 2.0
16.6900 2.0
16.7100 1.0
16.7300 0.0
16.7500 2.0
16.7700 2.0
16.7900 0.0
16.8100 1.0
16.8300 0.0
16.8500 1.0
16.8700 0.0
16.8900 2.0
16.9100 1.0
16.9300 0.0
16.9500 3.0
16.9700 1.0
16.9900 0.0
17.0100 2.0
17.0300 0.0
17.0500 0.0
17.0700 0.0
17.0900 1.0
17.1100 2.0
17.1300 1.0
17.1500 2.0
17.1700 1.0
17.1900 0.0
17.2100 2.0
17.2300 1.0
17.2500 1.0
17.2700 0.0
17.2900 0.0
17.3100 0.0
17.3300 1.0
17.3500 3.0
17.3700 1.0
17.3900 0.0
17.4100 1.0
17.4300 1.0
17.4500 1.0
17.4700 3.0
17.4900 2.0
17.5100 2.0
17.5300 6.0
17.5500 5.0
17.5700 7.0
17.5900 2.0
17.6100 8.0
17.6300 5.0
17.6500 7.0
17.6700 9.0
17.6900 9.0
17.7100 14.0
17.7300 18.0
17.7500 13.0
17.7700 24.0
17.7900 23.0
17.8100 34.0
17.8300 22.0
17.8500 17.0
17.8700 24.0
17.8900 15.0
17.9100 8.0
17.9300 4.0
17.9500 6.0
17.9700 4.0
17.9900 3.0
18.0100 1.0
18.0300 3.0
18.0500 1.0
18.0700 3.0
18.0900 0.0
18.1100 2.0
18.1300 3.0
18.1500 0.0
18.1700 1.0
18.1900 0.0
18.2100 2.0
18.2300 1.0
18.2500 1.0
18.2700 0.0
18.2900 0.0
18.3100 0.0
18.3300 1.0
18.3500 2.0
18.3700 0.0
18.3900 1.0
18.4100 2.0
18.4300 1.0
18.4500 2.0
18.4700 0.0
18.4900 2.0
18.5100 2.0
18.5300 2.0
18.5500 1.0
18.5700 2.0
18.5900 0.0
18.6100 1.0
18.6300 0.0
18.6500 2.0
18.6700 0.0
18.6900 1.0
18.7100 1.0
18.7300 0.0
18.7500 1.0
18.7700 0.0
18.7900 1.0
18.8100 2.0
18.8300 0.0
18.8500 2.0
18.8700 3.0
18.8900 2.0
18.9100 0.0
18.9300 2.0
18.9500 2.0
18.9700 1.0
18.9900 0.0
19.0100 5.0
19.0300 1.0
19.0500 2.0
19.0700 2.0
19.0900 0.0
19.1100 1.0
19.1300 1.0
19.1500 0.0
19.1700 0.0
19.1900 3.0
19.2100 2.0
19.2300 4.0
19.2500 0.0
19.2700 1.0
19.2900 0.0
19.3100 1.0
19.3300 1.0
19.3500 2.0
19.3700 0.0
19.3900 0.0
19.4100 1.0
19.4300 1.0
19.4500 2.0
19.4700 1.0
19.4900 2.0
19.5100 1.0
19.5300 0.0
19.5500 0.0
19.5700 0.0
19.5900 0.0
19.6100 2.0
19.6300 2.0
19.6500 0.0
19.6700 0.0
19.6900 1.0
19.7100 0.0
19.7300 1.0
19.7500 2.0
19.7700 1.0
19.7900 0.0
19.8100 1.0
19.8300 2.0
19.8500 1.0
19.8700 0.0
19.8900 1.0
19.9100 1.0
19.9300 3.0
19.9500 0.0
19.9700 0.0
19.9900 1.0
20.0100 2.0
20.0300 3.0
20.0500 1.0
20.0700 0.0
20.0900 0.0
20.1100 1.0
20.1300 1.0
20.1500 1.0
20.1700 0.0
20.1900 0.0
20.2100 1.0
20.2300 0.0
20.2500 0.0
20.2700 0.0
20.2900 1.0
20.3100 3.0
20.3300 1.0
20.3500 1.0
20.3700 1.0
20.3900 0.0
20.4100 1.0
20.4300 3.0
20.4500 1.0
20.4700 1.0
20.4900 1.0
20.5100 0.0
20.5300 0.0
20.5500 1.0
20.5700 2.0
20.5900 1.0
20.6100 1.0
20.6300 0.0
20.6500 1.0
20.6700 1.0
20.6900 0.0
20.7100 1.0
20.7300 2.0
20.7500 2.0
20.7700 1.0
20.7900 1.0
20.8100 2.0
20.8300 2.0
20.8500 1.0
20.8700 0.0
20.8900 1.0
20.9100 1.0
20.9300 3.0
20.9500 2.0
20.9700 2.0
20.9900 4.0
21.0100 2.0
21.0300 4.0
21.0500 4.0
21.0700 1.0
21.0900 4.0
21.1100 5.0
21.1300 11.0
21.1500 12.0
21.1700 14.0
21.1900 18.0
21.2100 8.0
21.2300 9.0
21.2500 10.0
21.2700 4.0
21.2900 5.0
21.3100 1.0
21.3300 1.0
21.3500 3.0
21.3700 2.0
21.3900 1.0
21.4100 2.0
21.4300 1.0
21.4500 1.0
21.4700 3.0
21.4900 3.0
21.5100 4.0
21.5300 2.0
21.5500 2.0
21.5700 0.0
21.5900 1.0
21.6100 2.0
21.6300 1.0
21.6500 0.0
21.6700 1.0
21.6900 1.0
21.7100 1.0
21.7300 0.0
21.7500 3.0
21.7700 3.0
21.7900 0.0
21.8100 1.0
21.8300 3.0
21.8500 1.0
21.8700 0.0
21.8900 3.0
21.9100 4.0
21.9300 2.0
21.9500 0.0
21.9700 5.0
21.9900 1.0
22.0100 4.0
22.0300 4.0
22.0500 1.0
22.0700 1.0
22.0900 2.0
22.1100 1.0
22.1300 2.0
22.1500 0.0
22.1700 0.0
22.1900 0.0
22.2100 1.0
22.2300 1.0
22.2500 1.0
22.2700 1.0
22.2900 1.0
22.3100 2.0
22.3300 1.0
22.3500 3.0
22.3700 1.0
22.3900 1.0
22.4100 0.0
22.4300 1.0
22.4500 1.0
22.4700 2.0
22.4900 1.0
22.5100 1.0
22.5300 0.0
22.5500 1.0
22.5700 0.0
22.5900 3.0
22.6100 1.0
22.6300 1.0
22.6500 1.0
22.6700 1.0
22.6900 2.0
22.7100 2.0
22.7300 2.0
22.7500 4.0
22.7700 0.0
22.7900 2.0
22.8100 2.0
22.8300 0.0
22.8500 1.0
22.8700 0.0
22.8900 1.0
22.9100 3.0
22.9300 4.0
22.9500 1.0
22.9700 3.0
22.9900 2.0
23.0100 2.0
23.0300 3.0
23.0500 4.0
23.0700 4.0
23.0900 3.0
23.1100 5.0
23.1300 5.0
23.1500 1.0
23.1700 7.0
23.1900 0.0
23.2100 2.0
23.2300 2.0
23.2500 1.0
23.2700 2.0
23.2900 2.0
23.3100 5.0
23.3300 5.0
23.3500 1.0
23.3700 2.0
23.3900 2.0
23.4100 3.0
23.4300 1.0
23.4500 2.0
23.4700 2.0
23.4900 3.0
23.5100 3.0
23.5300 0.0
23.5500 2.0
23.5700 1.0
23.5900 1.0
23.6100 0.0
23.6300 0.0
23.6500 2.0
23.6700 0.0
23.6900 1.0
23.7100 1.0
23.7300 0.0
23.7500 2.0
23.7700 5.0
23.7900 3.0
23.8100 7.0
23.8300 3.0
23.8500 9.0
23.8700 14.0
23.8900 14.0
23.9100 18.0
23.9300 13.0
23.9500 32.0
23.9700 22.0
23.9900 30.0
24.0100 53.0
24.0300 45.0
24.0500 61.0
24.0700 55.0
24.0900 65.0
24.1100 59.0
24.1300 60.0
24.1500 45.0
24.1700 26.0
24.1900 24.0
24.2100 14.0
24.2300 10.0
24.2500 8.0
24.2700 3.0
24.2900 10.0
24.3100 2.0
24.3300 0.0
24.3500 2.0
24.3700 3.0
24.3900 4.0
24.4100 4.0
24.4300 4.0
24.4500 0.0
24.4700 2.0
24.4900 0.0
24.5100 2.0
24.5300 1.0
24.5500 1.0
24.5700 0.0
24.5900 2.0
24.6100 0.0
24.6300 2.0
24.6500 1.0
24.6700 0.0
24.6900 2.0
24.7100 2.0
24.7300 1.0
24.7500 2.0
24.7700 0.0
24.7900 1.0
24.8100 3.0
24.8300 1.0
24.8500 1.0
24.8700 1.0
24.8900 2.0
24.9100 1.0
24.9300 0.0
24.9500 2.0
24.9700 2.0
24.9900 1.0
25.0100 0.0
25.0300 1.0
25.0500 3.0
25.0700 0.0
25.0900 0.0
25.1100 0.0
25.1300 0.0
25.1500 0.0
25.1700 0.0
25.1900 5.0
25.2100 0.0
25.2300 1.0
25.2500 1.0
25.2700 0.0
25.2900 1.0
25.3100 3.0
25.3300 1.0
25.3500 0.0
25.3700 1.0
25.3900 1.0
25.4100 3.0
25.4300 0.0
25.4500 1.0
25.4700 4.0
25.4900 2.0
25.5100 4.0
25.5300 8.0
25.5500 4.0
25.5700 9.0
25.5900 6.0
25.6100 6.0
25.6300 3.0
25.6500 9.0
25.6700 8.0
25.6900 4.0
25.7100 3.0
25.7300 2.0
25.7500 3.0
25.7700 1.0
25.7900 1.0
25.8100 2.0
25.8300 1.0
25.8500 0.0
25.8700 1.0
25.8900 0.0
25.9100 0.0
25.9300 2.0
25.9500 0.0
25.9700 0.0
25.9900 0.0
26.0100 1.0
26.0300 2.0
26.0500 6.0
26.0700 3.0
26.0900 5.0
26.1100 6.0
26.1300 4.0
26.1500 8.0
26.1700 4.0
26.1900 3.0
26.2100 2.0
26.2300 4.0
26.2500 1.0
26.2700 2.0
26.2900 2.0
26.3100 3.0
26.3300 0.0
26.3500 2.0
26.3700 1.0
26.3900 2.0
26.4100 2.0
26.4300 1.0
26.4500 0.0
26.4700 1.0
26.4900 3.0
26.5100 1.0
26.5300 1.0
26.5500 1.0
26.5700 0.0
26.5900 2.0
26.6100 0.0
26.6300 0.0
26.6500 1.0
26.6700 0.0
26.6900 0.0
26.7100 3.0
26.7300 2.0
26.7500 1.0
26.7700 1.0
26.7900 1.0
26.8100 1.0
26.8300 0.0
26.8500 1.0
26.8700 0.0
26.8900 2.0
26.9100 0.0
26.9300 1.0
26.9500 1.0
26.9700 3.0
26.9900 1.0
27.0100 3.0
27.0300 0.0
27.0500 0.0
27.0700 1.0
27.0900 0.0
27.1100 0.0
27.1300 1.0
27.1500 0.0
27.1700 0.0
27.1900 2.0
27.2100 1.0
27.2300 0.0
27.2500 4.0
27.2700 2.0
27.2900 2.0
27.3100 1.0
27.3300 2.0
27.3500 1.0
27.3700 2.0
27.3900 2.0
27.4100 1.0
27.4300 2.0
27.4500 3.0
27.4700 2.0
27.4900 2.0
27.5100 2.0
27.5300 3.0
27.5500 2.0
27.5700 4.0
27.5900 6.0
27.6100 3.0
27.6300 7.0
27.6500 7.0
27.6700 0.0
27.6900 14.0
27.7100 5.0
27.7300 8.0
27.7500 3.0
27.7700 5.0
27.7900 8.0
27.8100 5.0
27.8300 3.0
27.8500 2.0
27.8700 5.0
27.8900 5.0
27.9100 4.0
27.9300 2.0
27.9500 1.0
27.9700 3.0
27.9900 1.0
28.0100 0.0
28.0300 2.0
28.0500 3.0
28.0700 2.0
28.0900 1.0
28.1100 1.0
28.1300 0.0
28.1500 0.0
28.1700 0.0
28.1900 5.0
28.2100 0.0
28.2300 1.0
28.2500 0.0
28.2700 4.0
28.2900 2.0
28.3100 4.0
28.3300 1.0
28.3500 3.0
28.3700 2.0
28.3900 2.0
28.4100 5.0
28.4300 5.0
28.4500 0.0
28.4700 4.0
28.4900 5.0
28.5100 2.0
28.5300 2.0
28.5500 1.0
28.5700 4.0
28.5900 3.0
28.6100 3.0
28.6300 1.0
28.6500 3.0
28.6700 3.0
28.6900 2.0
28.7100 3.0
28.7300 2.0
28.7500 5.0
28.7700 5.0
28.7900 6.0
28.8100 6.0
28.8300 8.0
28.8500 6.0
28.8700 11.0
28.8900 15.0
28.9100 14.0
28.9300 35.0
28.9500 30.0
28.9700 58.0
28.9900 47.0
29.0100 71.0
29.0300 101.0
29.0500 103.0
29.0700 112.0
29.0900 107.0
29.1100 88.0
29.1300 88.0
29.1500 62.0
29.1700 41.0
29.1900 50.0
29.2100 23.0
29.2300 13.0
29.2500 10.0
29.2700 8.0
29.2900 6.0
29.3100 12.0
29.3300 6.0
29.3500 4.0
29.3700 6.0
29.3900 5.0
29.4100 6.0
29.4300 4.0
29.4500 9.0
29.4700 7.0
29.4900 3.0
29.5100 5.0
29.5300 3.0
29.5500 3.0
29.5700 0.0
29.5900 4.0
29.6100 0.0
29.6300 3.0
29.6500 0.0
29.6700 1.0
29.6900 1.0
29.7100 0.0
29.7300 1.0
29.7500 0.0
29.7700 0.0
29.7900 2.0
29.8100 2.0
29.8300 0.0
29.8500 1.0
29.8700 0.0
29.8900 1.0
29.9100 4.0
29.9300 2.0
29.9500 3.0
29.9700 2.0
29.9900 5.0
30.0100 1.0
30.0300 5.0
30.0500 1.0
30.0700 2.0
30.0900 3.0
30.1100 2.0
30.1300 2.0
30.1500 1.0
30.1700 1.0
30.1900 2.0
30.2100 0.0
30.2300 0.0
30.2500 1.0
30.2700 2.0
30.2900 2.0
30.3100 0.0
30.3300 2.0
30.3500 2.0
30.3700 2.0
30.3900 1.0
30.4100 1.0
30.4300 1.0
30.4500 2.0
30.4700 0.0
30.4900 1.0
30.5100 1.0
30.5300 2.0
30.5500 1.0
30.5700 1.0
30.5900 1.0
30.6100 0.0
30.6300 2.0
30.6500 2.0
30.6700 0.0
30.6900 2.0
30.7100 0.0
30.7300 1.0
30.7500 1.0
30.7700 2.0
30.7900 1.0
30.8100 2.0
30.8300 3.0
30.8500 4.0
30.8700 3.0
30.8900 4.0
30.9100 5.0
30.9300 5.0
30.9500 2.0
30.9700 5.0
30.9900 5.0
31.0100 7.0
31.0300 4.0
31.0500 11.0
31.0700 20.0
31.0900 18.0
31.1100 21.0
31.1300 27.0
31.1500 44.0
31.1700 68.0
31.1900 75.0
31.2100 98.0
31.2300 97.0
31.2500 149.0
31.2700 186.0
31.2900 192.0
31.3100 218.0
31.3300 150.0
31.3500 142.0
31.3700 106.0
31.3900 78.0
31.4100 63.0
31.4300 29.0
31.4500 15.0
31.4700 14.0
31.4900 12.0
31.5100 11.0
31.5300 8.0
31.5500 4.0
31.5700 6.0
31.5900 6.0
31.6100 3.0
31.6300 7.0
31.6500 4.0
31.6700 5.0
31.6900 3.0
31.7100 2.0
31.7300 2.0
31.7500 5.0
31.7700 2.0
31.7900 3.0
31.8100 4.0
31.8300 7.0
31.8500 6.0
31.8700 5.0
31.8900 13.0
31.9100 9.0
31.9300 11.0
31.9500 11.0
31.9700 11.0
31.9900 8.0
32.0100 18.0
32.0300 15.0
32.0500 16.0
32.0700 13.0
32.0900 12.0
32.1100 6.0
32.1300 6.0
32.1500 12.0
32.1700 4.0
32.1900 7.0
32.2100 6.0
32.2300 1.0
32.2500 7.0
32.2700 8.0
32.2900 9.0
32.3100 7.0
32.3300 10.0
32.3500 9.0
32.3700 16.0
32.3900 18.0
32.4100 17.0
32.4300 26.0
32.4500 34.0
32.4700 31.0
32.4900 44.0
32.5100 26.0
32.5300 18.0
32.5500 18.0
32.5700 13.0
32.5900 8.0
32.6100 8.0
32.6300 3.0
32.6500 1.0
32.6700 3.0
32.6900 2.0
32.7100 3.0
32.7300 3.0
32.7500 0.0
32.7700 2.0
32.7900 6.0
32.8100 2.0
32.8300 3.0
32.8500 2.0
32.8700 2.0
32.8900 1.0
32.9100 1.0
32.9300 0.0
32.9500 0.0
32.9700 2.0
32.9900 2.0
33.0100 1.0
33.0300 2.0
33.0500 1.0
33.0700 6.0
33.0900 6.0
33.1100 8.0
33.1300 3.0
33.1500 6.0
33.1700 7.0
33.1900 4.0
33.2100 1.0
33.2300 5.0
33.2500 4.0
33.2700 2.0
33.2900 1.0
33.3100 1.0
33.3300 4.0
33.3500 1.0
33.3700 3.0
33.3900 1.0
33.4100 1.0
33.4300 1.0
33.4500 3.0
33.4700 0.0
33.4900 1.0
33.5100 3.0
33.5300 1.0
33.5500 1.0
33.5700 0.0
33.5900 0.0
33.6100 0.0
33.6300 1.0
33.6500 1.0
33.6700 1.0
33.6900 0.0
33.7100 0.0
33.7300 0.0
33.7500 0.0
33.7700 3.0
33.7900 2.0
33.8100 0.0
33.8300 1.0
33.8500 0.0
33.8700 2.0
33.8900 2.0
33.9100 1.0
33.9300 0.0
33.9500 0.0
33.9700 1.0
33.9900 1.0
34.0100 2.0
34.0300 2.0
34.0500 0.0
34.0700 1.0
34.0900 1.0
34.1100 2.0
34.1300 0.0
34.1500 2.0
34.1700 1.0
34.1900 0.0
34.2100 1.0
34.2300 1.0
34.2500 1.0
34.2700 1.0
34.2900 0.0
34.3100 1.0
34.3300 1.0
34.3500 3.0
34.3700 0.0
34.3900 2.0
34.4100 2.0
34.4300 0.0
34.4500 0.0
34.4700 2.0
34.4900 2.0
34.5100 12.0
34.5300 7.0
34.5500 3.0
34.5700 4.0
34.5900 7.0
34.6100 6.0
34.6300 3.0
34.6500 2.0
34.6700 2.0
34.6900 3.0
34.7100 3.0
34.7300 1.0
34.7500 1.0
34.7700 3.0
34.7900 0.0
34.8100 0.0
34.8300 3.0
34.8500 0.0
34.8700 0.0
34.8900 3.0
34.9100 0.0
34.9300 0.0
34.9500 0.0
34.9700 0.0
34.9900 1.0
35.0100 0.0
35.0300 1.0
35.0500 4.0
35.0700 0.0
35.0900 1.0
35.1100 2.0
35.1300 0.0
35.1500 1.0
35.1700 4.0
35.1900 1.0
35.2100 0.0
35.2300 2.0
35.2500 2.0
35.2700 1.0
35.2900 0.0
35.3100 1.0
35.3300 0.0
35.3500 0.0
35.3700 0.0
35.3900 1.0
35.4100 1.0
35.4300 1.0
35.4500 1.0
35.4700 0.0
35.4900 0.0
35.5100 0.0
35.5300 0.0
35.5500 3.0
35.5700 3.0
35.5900 1.0
35.6100 0.0
35.6300 3.0
35.6500 1.0
35.6700 1.0
35.6900 1.0
35.7100 2.0
35.7300 0.0
35.7500 3.0
35.7700 2.0
35.7900 4.0
35.8100 0.0
35.8300 6.0
35.8500 4.0
35.8700 8.0
35.8900 16.0
35.9100 15.0
35.9300 15.0
35.9500 16.0
35.9700 14.0
35.9900 7.0
36.0100 7.0
36.0300 7.0
36.0500 7.0
36.0700 3.0
36.0900 3.0
36.1100 2.0
36.1300 7.0
36.1500 4.0
36.1700 8.0
36.1900 7.0
36.2100 12.0
36.2300 11.0
36.2500 10.0
36.2700 14.0
36.2900 15.0
36.3100 21.0
36.3300 36.0
36.3500 51.0
36.3700 59.0
36.3900 68.0
36.4100 78.0
36.4300 66.0
36.4500 62.0
36.4700 49.0
36.4900 43.0
36.5100 29.0
36.5300 27.0
36.5500 18.0
36.5700 17.0
36.5900 16.0
36.6100 11.0
36.6300 13.0
36.6500 8.0
36.6700 6.0
36.6900 3.0
36.7100 0.0
36.7300 1.0
36.7500 8.0
36.7700 2.0
36.7900 0.0
36.8100 0.0
36.8300 2.0
36.8500 0.0
36.8700 2.0
36.8900 1.0
36.9100 3.0
36.9300 1.0
36.9500 5.0
36.9700 4.0
36.9900 5.0
37.0100 4.0
37.0300 3.0
37.0500 7.0
37.0700 3.0
37.0900 4.0
37.1100 12.0
37.1300 9.0
37.1500 11.0
37.1700 19.0
37.1900 24.0
37.2100 17.0
37.2300 20.0
37.2500 19.0
37.2700 23.0
37.2900 19.0
37.3100 15.0
37.3300 15.0
37.3500 14.0
37.3700 2.0
37.3900 3.0
37.4100 5.0
37.4300 1.0
37.4500 3.0
37.4700 2.0
37.4900 3.0
37.5100 5.0
37.5300 0.0
37.5500 2.0
37.5700 2.0
37.5900 4.0
37.6100 3.0
37.6300 6.0
37.6500 3.0
37.6700 9.0
37.6900 7.0
37.7100 11.0
37.7300 6.0
37.7500 10.0
37.7700 18.0
37.7900 19.0
37.8100 10.0
37.8300 13.0
37.8500 12.0
37.8700 9.0
37.8900 7.0
37.9100 3.0
37.9300 4.0
37.9500 7.0
37.9700 2.0
37.9900 2.0
38.0100 3.0
38.0300 1.0
38.0500 1.0
38.0700 0.0
38.0900 1.0
38.1100 1.0
38.1300 1.0
38.1500 2.0
38.1700 1.0
38.1900 0.0
38.2100 1.0
38.2300 0.0
38.2500 2.0
38.2700 1.0
38.2900 1.0
38.3100 2.0
38.3300 1.0
38.3500 3.0
38.3700 2.0
38.3900 2.0
38.4100 3.0
38.4300 0.0
38.4500 1.0
38.4700 1.0
38.4900 2.0
38.5100 2.0
38.5300 3.0
38.5500 0.0
38.5700 3.0
38.5900 1.0
38.6100 4.0
38.6300 2.0
38.6500 0.0
38.6700 1.0
38.6900 2.0
38.7100 3.0
38.7300 1.0
38.7500 0.0
38.7700 0.0
38.7900 2.0
38.8100 3.0
38.8300 5.0
38.8500 4.0
38.8700 2.0
38.8900 5.0
38.9100 2.0
38.9300 4.0
38.9500 5.0
38.9700 17.0
38.9900 14.0
39.0100 16.0
39.0300 23.0
39.0500 18.0
39.0700 8.0
39.0900 11.0
39.1100 21.0
39.1300 11.0
39.1500 7.0
39.1700 1.0
39.1900 2.0
39.2100 0.0
39.2300 0.0
39.2500 1.0
39.2700 4.0
39.2900 3.0
39.3100 2.0
39.3300 2.0
39.3500 2.0
39.3700 4.0
39.3900 3.0
39.4100 3.0
39.4300 2.0
39.4500 2.0
39.4700 8.0
39.4900 8.0
39.5100 13.0
39.5300 12.0
39.5500 11.0
39.5700 12.0
39.5900 11.0
39.6100 8.0
39.6300 8.0
39.6500 9.0
39.6700 7.0
39.6900 4.0
39.7100 2.0
39.7300 3.0
39.7500 3.0
39.7700 2.0
39.7900 3.0
39.8100 2.0
39.8300 1.0
39.8500 2.0
39.8700 3.0
39.8900 2.0
39.9100 1.0
39.9300 0.0
39.9500 0.0
39.9700 1.0
39.9900 1.0
40.0100 2.0
40.0300 3.0
40.0500 2.0
40.0700 1.0
40.0900 2.0
40.1100 1.0
40.1300 0.0
40.1500 0.0
40.1700 0.0
40.1900 2.0
40.2100 0.0
40.2300 1.0
40.2500 0.0
40.2700 3.0
40.2900 2.0
40.3100 3.0
40.3300 0.0
40.3500 0.0
40.3700 0.0
40.3900 0.0
40.4100 2.0
40.4300 2.0
40.4500 2.0
40.4700 2.0
40.4900 2.0
40.5100 3.0
40.5300 3.0
40.5500 3.0
40.5700 3.0
40.5900 5.0
40.6100 6.0
40.6300 3.0
40.6500 9.0
40.6700 13.0
40.6900 9.0
40.7100 12.0
40.7300 23.0
40.7500 19.0
40.7700 11.0
40.7900 7.0
40.8100 10.0
40.8300 12.0
40.8500 9.0
40.8700 11.0
40.8900 7.0
40.9100 10.0
40.9300 4.0
40.9500 2.0
40.9700 1.0
40.9900 4.0
41.0100 2.0
41.0300 2.0
41.0500 3.0
41.0700 0.0
41.0900 2.0
41.1100 0.0
41.1300 2.0
41.1500 1.0
41.1700 4.0
41.1900 2.0
41.2100 1.0
41.2300 0.0
41.2500 1.0
41.2700 0.0
41.2900 2.0
41.3100 2.0
41.3300 0.0
41.3500 1.0
41.3700 0.0
41.3900 2.0
41.4100 0.0
41.4300 4.0
41.4500 1.0
41.4700 0.0
41.4900 2.0
41.5100 1.0
41.5300 3.0
41.5500 0.0
41.5700 1.0
41.5900 1.0
41.6100 2.0
41.6300 0.0
41.6500 0.0
41.6700 0.0
41.6900 2.0
41.7100 1.0
41.7300 1.0
41.7500 0.0
41.7700 1.0
41.7900 0.0
41.8100 2.0
41.8300 2.0
41.8500 2.0
41.8700 1.0
41.8900 1.0
41.9100 1.0
41.9300 0.0
41.9500 2.0
41.9700 1.0
41.9900 3.0
42.0100 0.0
42.0300 0.0
42.0500 3.0
42.0700 0.0
42.0900 0.0
42.1100 1.0
42.1300 1.0
42.1500 1.0
42.1700 1.0
42.1900 3.0
42.2100 3.0
42.2300 3.0
42.2500 3.0
42.2700 1.0
42.2900 2.0
42.3100 2.0
42.3300 1.0
42.3500 0.0
42.3700 2.0
42.3900 0.0
42.4100 0.0
42.4300 0.0
42.4500 3.0
42.4700 3.0
42.4900 1.0
42.5100 1.0
42.5300 1.0
42.5500 1.0
42.5700 1.0
42.5900 0.0
42.6100 1.0
42.6300 1.0
42.6500 0.0
42.6700 1.0
42.6900 1.0
42.7100 0.0
42.7300 3.0
42.7500 1.0
42.7700 2.0
42.7900 2.0
42.8100 2.0
42.8300 3.0
42.8500 0.0
42.8700 1.0
42.8900 2.0
42.9100 3.0
42.9300 3.0
42.9500 2.0
42.9700 3.0
42.9900 5.0
43.0100 1.0
43.0300 1.0
43.0500 1.0
43.0700 0.0
43.0900 2.0
43.1100 2.0
43.1300 2.0
43.1500 2.0
43.1700 3.0
43.1900 0.0
43.2100 0.0
43.2300 2.0
43.2500 0.0
43.2700 0.0
43.2900 1.0
43.3100 1.0
43.3300 1.0
43.3500 1.0
43.3700 2.0
43.3900 2.0
43.4100 0.0
43.4300 0.0
43.4500 1.0
43.4700 0.0
43.4900 3.0
43.5100 0.0
43.5300 1.0
43.5500 1.0
43.5700 0.0
43.5900 1.0
43.6100 1.0
43.6300 1.0
43.6500 3.0
43.6700 1.0
43.6900 0.0
43.7100 1.0
43.7300 2.0
43.7500 1.0
43.7700 0.0
43.7900 2.0
43.8100 1.0
43.8300 2.0
43.8500 1.0
43.8700 2.0
43.8900 1.0
43.9100 4.0
43.9300 2.0
43.9500 2.0
43.9700 1.0
43.9900 2.0
44.0100 0.0
44.0300 0.0
44.0500 2.0
44.0700 1.0
44.0900 0.0
44.1100 4.0
44.1300 1.0
44.1500 0.0
44.1700 1.0
44.1900 3.0
44.2100 3.0
44.2300 3.0
44.2500 3.0
44.2700 2.0
44.2900 2.0
44.3100 4.0
44.3300 0.0
44.3500 2.0
44.3700 6.0
44.3900 9.0
44.4100 5.0
44.4300 8.0
44.4500 6.0
44.4700 17.0
44.4900 11.0
44.5100 17.0
44.5300 25.0
44.5500 28.0
44.5700 28.0
44.5900 19.0
44.6100 17.0
44.6300 12.0
44.6500 13.0
44.6700 10.0
44.6900 9.0
44.7100 9.0
44.7300 8.0
44.7500 4.0
44.7700 2.0
44.7900 1.0
44.8100 1.0
44.8300 2.0
44.8500 1.0
44.8700 2.0
44.8900 2.0
44.9100 0.0
44.9300 3.0
44.9500 1.0
44.9700 1.0
44.9900 3.0
45.0100 1.0
45.0300 1.0
45.0500 1.0
45.0700 1.0
45.0900 0.0
45.1100 2.0
45.1300 2.0
45.1500 2.0
45.1700 3.0
45.1900 2.0
45.2100 1.0
45.2300 2.0
45.2500 2.0
45.2700 2.0
45.2900 2.0
45.3100 2.0
45.3300 3.0
45.3500 0.0
45.3700 3.0
45.3900 0.0
45.4100 2.0
45.4300 1.0
45.4500 4.0
45.4700 2.0
45.4900 2.0
45.5100 2.0
45.5300 3.0
45.5500 6.0
45.5700 7.0
45.5900 3.0
45.6100 6.0
45.6300 6.0
45.6500 7.0
45.6700 7.0
45.6900 2.0
45.7100 2.0
45.7300 6.0
45.7500 5.0
45.7700 1.0
45.7900 10.0
45.8100 2.0
45.8300 3.0
45.8500 1.0
45.8700 3.0
45.8900 8.0
45.9100 2.0
45.9300 7.0
45.9500 2.0
45.9700 3.0
45.9900 3.0
46.0100 0.0
46.0300 4.0
46.0500 1.0
46.0700 3.0
46.0900 6.0
46.1100 2.0
46.1300 0.0
46.1500 0.0
46.1700 3.0
46.1900 4.0
46.2100 0.0
46.2300 0.0
46.2500 2.0
46.2700 0.0
46.2900 0.0
46.3100 3.0
46.3300 1.0
46.3500 3.0
46.3700 2.0
46.3900 2.0
46.4100 3.0
46.4300 4.0
46.4500 2.0
46.4700 2.0
46.4900 6.0
46.5100 7.0
46.5300 5.0
46.5500 4.0
46.5700 2.0
46.5900 1.0
46.6100 1.0
46.6300 2.0
46.6500 1.0
46.6700 3.0
46.6900 3.0
46.7100 1.0
46.7300 5.0
46.7500 1.0
46.7700 2.0
46.7900 1.0
46.8100 1.0
46.8300 5.0
46.8500 2.0
46.8700 9.0
46.8900 3.0
46.9100 5.0
46.9300 2.0
46.9500 4.0
46.9700 6.0
46.9900 4.0
47.0100 5.0
47.0300 4.0
47.0500 3.0
47.0700 2.0
47.0900 4.0
47.1100 3.0
47.1300 0.0
47.1500 5.0
47.1700 0.0
47.1900 2.0
47.2100 3.0
47.2300 0.0
47.2500 2.0
47.2700 1.0
47.2900 3.0
47.3100 4.0
47.3300 2.0
47.3500 2.0
47.3700 4.0
47.3900 3.0
47.4100 1.0
47.4300 2.0
47.4500 0.0
47.4700 2.0
47.4900 1.0
47.5100 3.0
47.5300 1.0
47.5500 1.0
47.5700 0.0
47.5900 1.0
47.6100 0.0
47.6300 0.0
47.6500 3.0
47.6700 0.0
47.6900 2.0
47.7100 1.0
47.7300 1.0
47.7500 0.0
47.7700 1.0
47.7900 1.0
47.8100 3.0
47.8300 1.0
47.8500 3.0
47.8700 0.0
47.8900 4.0
47.9100 4.0
47.9300 7.0
47.9500 9.0
47.9700 8.0
47.9900 11.0
48.0100 10.0
48.0300 16.0
48.0500 7.0
48.0700 7.0
48.0900 10.0
48.1100 2.0
48.1300 7.0
48.1500 5.0
48.1700 2.0
48.1900 5.0
48.2100 4.0
48.2300 3.0
48.2500 3.0
48.2700 0.0
48.2900 1.0
48.3100 2.0
48.3300 3.0
48.3500 3.0
48.3700 5.0
48.3900 3.0
48.4100 4.0
48.4300 8.0
48.4500 2.0
48.4700 2.0
48.4900 0.0
48.5100 6.0
48.5300 2.0
48.5500 5.0
48.5700 2.0
48.5900 4.0
48.6100 1.0
48.6300 1.0
48.6500 4.0
48.6700 3.0
48.6900 1.0
48.7100 2.0
48.7300 0.0
48.7500 1.0
48.7700 3.0
48.7900 0.0
48.8100 1.0
48.8300 0.0
48.8500 0.0
48.8700 3.0
48.8900 2.0
48.9100 5.0
48.9300 7.0
48.9500 4.0
48.9700 11.0
48.9900 4.0
49.0100 7.0
49.0300 14.0
49.0500 10.0
49.0700 15.0
49.0900 18.0
49.1100 17.0
49.1300 18.0
49.1500 15.0
49.1700 11.0
49.1900 11.0
49.2100 14.0
49.2300 8.0
49.2500 16.0
49.2700 10.0
49.2900 8.0
49.3100 10.0
49.3300 1.0
49.3500 9.0
49.3700 4.0
49.3900 6.0
49.4100 3.0
49.4300 4.0
49.4500 5.0
49.4700 9.0
49.4900 9.0
49.5100 7.0
49.5300 4.0
49.5500 8.0
49.5700 4.0
49.5900 7.0
49.6100 10.0
49.6300 5.0
49.6500 9.0
49.6700 8.0
49.6900 4.0
49.7100 3.0
49.7300 6.0
49.7500 5.0
49.7700 8.0
49.7900 9.0
49.8100 5.0
49.8300 2.0
49.8500 7.0
49.8700 7.0
49.8900 6.0
49.9100 7.0
49.9300 6.0
49.9500 5.0
49.9700 4.0
49.9900 4.0
50.0100 2.0
50.0300 2.0
50.0500 3.0
50.0700 4.0
50.0900 9.0
50.1100 4.0
50.1300 10.0
50.1500 8.0
50.1700 8.0
50.1900 5.0
50.2100 3.0
50.2300 4.0
50.2500 4.0
50.2700 5.0
50.2900 4.0
50.3100 3.0
50.3300 2.0
50.3500 1.0
50.3700 2.0
50.3900 2.0
50.4100 1.0
50.4300 2.0
50.4500 3.0
50.4700 0.0
50.4900 3.0
50.5100 1.0
50.5300 5.0
50.5500 4.0
50.5700 4.0
50.5900 4.0
50.6100 2.0
50.6300 4.0
50.6500 2.0
50.6700 2.0
50.6900 2.0
50.7100 3.0
50.7300 4.0
50.7500 2.0
50.7700 5.0
50.7900 4.0
50.8100 7.0
50.8300 1.0
50.8500 3.0
50.8700 0.0
50.8900 3.0
50.9100 4.0
50.9300 3.0
50.9500 3.0
50.9700 5.0
50.9900 4.0
51.0100 2.0
51.0300 1.0
51.0500 5.0
51.0700 2.0
51.0900 4.0
51.1100 4.0
51.1300 2.0
51.1500 4.0
51.1700 3.0
51.1900 2.0
51.2100 0.0
51.2300 3.0
51.2500 1.0
51.2700 1.0
51.2900 0.0
51.3100 1.0
51.3300 2.0
51.3500 4.0
51.3700 2.0
51.3900 4.0
51.4100 7.0
51.4300 11.0
51.4500 9.0
51.4700 15.0
51.4900 20.0
51.5100 7.0
51.5300 17.0
51.5500 17.0
51.5700 17.0
51.5900 16.0
51.6100 10.0
51.6300 19.0
51.6500 14.0
51.6700 11.0
51.6900 10.0
51.7100 18.0
51.7300 12.0
51.7500 14.0
51.7700 9.0
51.7900 8.0
51.8100 8.0
51.8300 6.0
51.8500 20.0
51.8700 10.0
51.8900 20.0
51.9100 24.0
51.9300 38.0
51.9500 53.0
51.9700 67.0
51.9900 71.0
52.0100 56.0
52.0300 52.0
52.0500 38.0
52.0700 26.0
52.0900 35.0
52.1100 38.0
52.1300 40.0
52.1500 30.0
52.1700 20.0
52.1900 21.0
52.2100 17.0
52.2300 12.0
52.2500 18.0
52.2700 17.0
52.2900 18.0
52.3100 15.0
52.3300 16.0
52.3500 31.0
52.3700 42.0
52.3900 26.0
52.4100 25.0
52.4300 11.0
52.4500 20.0
52.4700 22.0
52.4900 24.0
52.5100 20.0
52.5300 12.0
52.5500 14.0
52.5700 2.0
52.5900 8.0
52.6100 7.0
52.6300 5.0
52.6500 4.0
52.6700 5.0
52.6900 1.0
52.7100 4.0
52.7300 1.0
52.7500 2.0
52.7700 3.0
52.7900 1.0
52.8100 3.0
52.8300 2.0
52.8500 8.0
52.8700 4.0
52.8900 9.0
52.9100 4.0
52.9300 11.0
52.9500 14.0
52.9700 15.0
52.9900 16.0
53.0100 8.0
53.0300 9.0
53.0500 12.0
53.0700 7.0
53.0900 6.0
53.1100 4.0
53.1300 12.0
53.1500 8.0
53.1700 2.0
53.1900 4.0
53.2100 4.0
53.2300 4.0
53.2500 2.0
53.2700 3.0
53.2900 4.0
53.3100 4.0
53.3300 1.0
53.3500 3.0
53.3700 2.0
53.3900 0.0
53.4100 1.0
53.4300 3.0
53.4500 4.0
53.4700 1.0
53.4900 2.0
53.5100 2.0
53.5300 3.0
53.5500 2.0
53.5700 3.0
53.5900 1.0
53.6100 3.0
53.6300 1.0
53.6500 4.0
53.6700 3.0
53.6900 1.0
53.7100 1.0
53.7300 3.0
53.7500 3.0
53.7700 0.0
53.7900 2.0
53.8100 0.0
53.8300 2.0
53.8500 2.0
53.8700 0.0
53.8900 1.0
53.9100 2.0
53.9300 2.0
53.9500 1.0
53.9700 2.0
53.9900 3.0
54.0100 1.0
54.0300 1.0
54.0500 2.0
54.0700 2.0
54.0900 1.0
54.1100 0.0
54.1300 1.0
54.1500 1.0
54.1700 0.0
54.1900 0.0
54.2100 3.0
54.2300 5.0
54.2500 2.0
54.2700 4.0
54.2900 2.0
54.3100 2.0
54.3300 2.0
54.3500 0.0
54.3700 0.0
54.3900 4.0
54.4100 1.0
54.4300 5.0
54.4500 0.0
54.4700 0.0
54.4900 0.0
54.5100 3.0
54.5300 1.0
54.5500 1.0
54.5700 3.0
54.5900 1.0
54.6100 0.0
54.6300 0.0
54.6500 1.0
54.6700 3.0
54.6900 3.0
54.7100 0.0
54.7300 0.0
54.7500 1.0
54.7700 4.0
54.7900 0.0
54.8100 2.0
54.8300 1.0
54.8500 3.0
54.8700 3.0
54.8900 2.0
54.9100 4.0
54.9300 0.0
54.9500 1.0
54.9700 1.0
54.9900 0.0
55.0100 1.0
55.0300 2.0
55.0500 1.0
55.0700 2.0
55.0900 2.0
55.1100 2.0
55.1300 1.0
55.1500 1.0
55.1700 1.0
55.1900 0.0
55.2100 4.0
55.2300 0.0
55.2500 4.0
55.2700 2.0
55.2900 2.0
55.3100 1.0
55.3300 1.0
55.3500 3.0
55.3700 1.0
55.3900 2.0
55.4100 1.0
55.4300 1.0
55.4500 1.0
55.4700 0.0
55.4900 4.0
55.5100 1.0
55.5300 2.0
55.5500 5.0
55.5700 1.0
55.5900 2.0
55.6100 3.0
55.6300 7.0
55.6500 15.0
55.6700 4.0
55.6900 7.0
55.7100 7.0
55.7300 6.0
55.7500 8.0
55.7700 5.0
55.7900 2.0
55.8100 4.0
55.8300 1.0
55.8500 7.0
55.8700 8.0
55.8900 3.0
55.9100 3.0
55.9300 3.0
55.9500 3.0
55.9700 7.0
55.9900 2.0
56.0100 5.0
56.0300 2.0
56.0500 2.0
56.0700 6.0
56.0900 6.0
56.1100 8.0
56.1300 5.0
56.1500 2.0
56.1700 9.0
56.1900 6.0
56.2100 4.0
56.2300 5.0
56.2500 1.0
56.2700 6.0
56.2900 4.0
56.3100 7.0
56.3300 4.0
56.3500 5.0
56.3700 3.0
56.3900 1.0
56.4100 5.0
56.4300 0.0
56.4500 2.0
56.4700 4.0
56.4900 7.0
56.5100 0.0
56.5300 3.0
56.5500 1.0
56.5700 1.0
56.5900 1.0
56.6100 3.0
56.6300 2.0
56.6500 2.0
56.6700 2.0
56.6900 2.0
56.7100 2.0
56.7300 0.0
56.7500 1.0
56.7700 3.0
56.7900 0.0
56.8100 3.0
56.8300 3.0
56.8500 2.0
56.8700 2.0
56.8900 3.0
56.9100 4.0
56.9300 1.0
56.9500 0.0
56.9700 2.0
56.9900 2.0
57.0100 2.0
57.0300 3.0
57.0500 1.0
57.0700 1.0
57.0900 0.0
57.1100 2.0
57.1300 1.0
57.1500 3.0
57.1700 0.0
57.1900 4.0
57.2100 4.0
57.2300 3.0
57.2500 1.0
57.2700 5.0
57.2900 2.0
57.3100 3.0
57.3300 5.0
57.3500 3.0
57.3700 2.0
57.3900 4.0
57.4100 5.0
57.4300 3.0
57.4500 3.0
57.4700 3.0
57.4900 3.0
57.5100 0.0
57.5300 3.0
57.5500 4.0
57.5700 6.0
57.5900 7.0
57.6100 7.0
57.6300 6.0
57.6500 12.0
57.6700 8.0
57.6900 9.0
57.7100 9.0
57.7300 4.0
57.7500 5.0
57.7700 7.0
57.7900 8.0
57.8100 9.0
57.8300 4.0
57.8500 1.0
57.8700 6.0
57.8900 2.0
57.9100 1.0
57.9300 1.0
57.9500 2.0
57.9700 1.0
57.9900 3.0
58.0100 2.0
58.0300 1.0
58.0500 2.0
58.0700 3.0
58.0900 2.0
58.1100 0.0
58.1300 1.0
58.1500 0.0
58.1700 0.0
58.1900 0.0
58.2100 1.0
58.2300 0.0
58.2500 3.0
58.2700 1.0
58.2900 2.0
58.3100 1.0
58.3300 1.0
58.3500 1.0
58.3700 2.0
58.3900 0.0
58.4100 1.0
58.4300 2.0
58.4500 1.0
58.4700 0.0
58.4900 2.0
58.5100 0.0
58.5300 0.0
58.5500 3.0
58.5700 4.0
58.5900 1.0
58.6100 0.0
58.6300 1.0
58.6500 2.0
58.6700 3.0
58.6900 1.0
58.7100 2.0
58.7300 4.0
58.7500 0.0
58.7700 0.0
58.7900 2.0
58.8100 1.0
58.8300 1.0
58.8500 1.0
58.8700 1.0
58.8900 3.0
58.9100 0.0
58.9300 1.0
58.9500 1.0
58.9700 0.0
58.9900 4.0
59.0100 1.0
59.0300 1.0
59.0500 1.0
59.0700 1.0
59.0900 1.0
59.1100 0.0
59.1300 0.0
59.1500 1.0
59.1700 1.0
59.1900 6.0
59.2100 2.0
59.2300 0.0
59.2500 0.0
59.2700 1.0
59.2900 3.0
59.3100 0.0
59.3300 0.0
59.3500 0.0
59.3700 1.0
59.3900 0.0
59.4100 0.0
59.4300 1.0
59.4500 1.0
59.4700 2.0
59.4900 1.0
59.5100 0.0
59.5300 1.0
59.5500 1.0
59.5700 1.0
59.5900 1.0
59.6100 1.0
59.6300 3.0
59.6500 0.0
59.6700 1.0
59.6900 0.0
59.7100 0.0
59.7300 0.0
59.7500 0.0
59.7700 2.0
59.7900 0.0
59.8100 1.0
59.8300 2.0
59.8500 0.0
59.8700 0.0
59.8900 0.0
59.9100 1.0
59.9300 0.0
59.9500 2.0
59.9700 3.0
59.9900 1.0
60.0100 2.0
60.0300 5.0
60.0500 0.0
60.0700 4.0
60.0900 4.0
60.1100 2.0
60.1300 4.0
60.1500 5.0
60.1700 4.0
60.1900 5.0
60.2100 7.0
60.2300 13.0
60.2500 14.0
60.2700 7.0
60.2900 8.0
60.3100 12.0
60.3300 6.0
60.3500 6.0
60.3700 7.0
60.3900 9.0
60.4100 8.0
60.4300 6.0
60.4500 8.0
60.4700 4.0
60.4900 3.0
60.5100 5.0
60.5300 7.0
60.5500 1.0
60.5700 4.0
60.5900 1.0
60.6100 3.0
60.6300 0.0
60.6500 3.0
60.6700 3.0
60.6900 3.0
60.7100 3.0
60.7300 4.0
60.7500 5.0
60.7700 3.0
60.7900 3.0
60.8100 0.0
60.8300 1.0
60.8500 0.0
60.8700 3.0
60.8900 2.0
60.9100 2.0
60.9300 1.0
60.9500 3.0
60.9700 1.0
60.9900 0.0
61.0100 2.0
61.0300 1.0
61.0500 2.0
61.0700 0.0
61.0900 3.0
61.1100 2.0
61.1300 1.0
61.1500 2.0
61.1700 2.0
61.1900 0.0
61.2100 0.0
61.2300 0.0
61.2500 3.0
61.2700 1.0
61.2900 5.0
61.3100 3.0
61.3300 4.0
61.3500 4.0
61.3700 3.0
61.3900 1.0
61.4100 4.0
61.4300 6.0
61.4500 10.0
61.4700 12.0
61.4900 15.0
61.5100 9.0
61.5300 9.0
61.5500 12.0
61.5700 13.0
61.5900 7.0
61.6100 9.0
61.6300 7.0
61.6500 5.0
61.6700 7.0
61.6900 6.0
61.7100 11.0
61.7300 6.0
61.7500 2.0
61.7700 3.0
61.7900 3.0
61.8100 3.0
61.8300 4.0
61.8500 3.0
61.8700 2.0
61.8900 2.0
61.9100 0.0
61.9300 1.0
61.9500 3.0
61.9700 1.0
61.9900 1.0
62.0100 1.0
62.0300 2.0
62.0500 0.0
62.0700 4.0
62.0900 1.0
62.1100 2.0
62.1300 1.0
62.1500 1.0
62.1700 4.0
62.1900 5.0
62.2100 2.0
62.2300 1.0
62.2500 0.0
62.2700 1.0
62.2900 2.0
62.3100 0.0
62.3300 4.0
62.3500 0.0
62.3700 0.0
62.3900 1.0
62.4100 2.0
62.4300 1.0
62.4500 2.0
62.4700 2.0
62.4900 4.0
62.5100 2.0
62.5300 0.0
62.5500 1.0
62.5700 1.0
62.5900 0.0
62.6100 1.0
62.6300 1.0
62.6500 1.0
62.6700 1.0
62.6900 0.0
62.7100 1.0
62.7300 2.0
62.7500 4.0
62.7700 1.0
62.7900 0.0
62.8100 0.0
62.8300 0.0
62.8500 1.0
62.8700 1.0
62.8900 3.0
62.9100 1.0
62.9300 0.0
62.9500 0.0
62.9700 1.0
62.9900 0.0
63.0100 0.0
63.0300 0.0
63.0500 1.0
63.0700 2.0
63.0900 2.0
63.1100 3.0
63.1300 0.0
63.1500 0.0
63.1700 3.0
63.1900 1.0
63.2100 2.0
63.2300 2.0
63.2500 4.0
63.2700 5.0
63.2900 3.0
63.3100 9.0
63.3300 4.0
63.3500 12.0
63.3700 12.0
63.3900 15.0
63.4100 14.0
63.4300 18.0
63.4500 10.0
63.4700 8.0
63.4900 12.0
63.5100 7.0
63.5300 5.0
63.5500 9.0
63.5700 11.0
63.5900 5.0
63.6100 11.0
63.6300 11.0
63.6500 2.0
63.6700 8.0
63.6900 3.0
63.7100 2.0
63.7300 0.0
63.7500 2.0
63.7700 5.0
63.7900 2.0
63.8100 2.0
63.8300 1.0
63.8500 1.0
63.8700 6.0
63.8900 0.0
63.9100 0.0
63.9300 1.0
63.9500 0.0
63.9700 2.0
63.9900 0.0
64.0100 1.0
64.0300 2.0
64.0500 2.0
64.0700 2.0
64.0900 2.0
64.1100 1.0
64.1300 3.0
64.1500 3.0
64.1700 4.0
64.1900 2.0
64.2100 3.0
64.2300 4.0
64.2500 2.0
64.2700 1.0
64.2900 0.0
64.3100 4.0
64.3300 2.0
64.3500 1.0
64.3700 1.0
64.3900 1.0
64.4100 4.0
64.4300 2.0
64.4500 5.0
64.4700 6.0
64.4900 1.0
64.5100 4.0
64.5300 1.0
64.5500 0.0
64.5700 4.0
64.5900 3.0
64.6100 0.0
64.6300 2.0
64.6500 0.0
64.6700 4.0
64.6900 3.0
64.7100 1.0
64.7300 2.0
64.7500 0.0
64.7700 1.0
64.7900 1.0
64.8100 0.0
64.8300 0.0
64.8500 2.0
64.8700 1.0
64.8900 2.0
64.9100 4.0
64.9300 2.0
64.9500 3.0
64.9700 11.0
64.9900 6.0
65.0100 4.0
65.0300 16.0
65.0500 15.0
65.0700 10.0
65.0900 6.0
65.1100 7.0
65.1300 5.0
65.1500 8.0
65.1700 3.0
65.1900 12.0
65.2100 13.0
65.2300 11.0
65.2500 10.0
65.2700 11.0
65.2900 10.0
65.3100 6.0
65.3300 11.0
65.3500 7.0
65.3700 3.0
65.3900 6.0
65.4100 3.0
65.4300 8.0
65.4500 8.0
65.4700 9.0
65.4900 4.0
65.5100 1.0
65.5300 6.0
65.5500 2.0
65.5700 1.0
65.5900 2.0
65.6100 3.0
65.6300 1.0
65.6500 0.0
65.6700 0.0
65.6900 4.0
65.7100 1.0
65.7300 1.0
65.7500 0.0
65.7700 1.0
65.7900 0.0
65.8100 1.0
65.8300 1.0
65.8500 1.0
65.8700 2.0
65.8900 1.0
65.9100 1.0
65.9300 2.0
65.9500 1.0
65.9700 3.0
65.9900 0.0
66.0100 0.0
66.0300 1.0
66.0500 0.0
66.0700 3.0
66.0900 2.0
66.1100 0.0
66.1300 0.0
66.1500 1.0
66.1700 1.0
66.1900 4.0
66.2100 3.0
66.2300 0.0
66.2500 1.0
66.2700 3.0
66.2900 2.0
66.3100 0.0
66.3300 5.0
66.3500 3.0
66.3700 3.0
66.3900 3.0
66.4100 4.0
66.4300 4.0
66.4500 3.0
66.4700 5.0
66.4900 7.0
66.5100 6.0
66.5300 5.0
66.5500 4.0
66.5700 1.0
66.5900 6.0
66.6100 1.0
66.6300 3.0
66.6500 3.0
66.6700 4.0
66.6900 3.0
66.7100 1.0
66.7300 2.0
66.7500 0.0
66.7700 5.0
66.7900 1.0
66.8100 3.0
66.8300 0.0
66.8500 5.0
66.8700 2.0
66.8900 2.0
66.9100 6.0
66.9300 1.0
66.9500 0.0
66.9700 3.0
66.9900 6.0
67.0100 1.0
67.0300 4.0
67.0500 9.0
67.0700 15.0
67.0900 12.0
67.1100 12.0
67.1300 22.0
67.1500 12.0
67.1700 8.0
67.1900 7.0
67.2100 6.0
67.2300 12.0
67.2500 12.0
67.2700 5.0
67.2900 8.0
67.3100 4.0
67.3300 4.0
67.3500 8.0
67.3700 3.0
67.3900 3.0
67.4100 3.0
67.4300 3.0
67.4500 6.0
67.4700 5.0
67.4900 2.0
67.5100 3.0
67.5300 2.0
67.5500 2.0
67.5700 6.0
67.5900 6.0
67.6100 4.0
67.6300 5.0
67.6500 7.0
67.6700 11.0
67.6900 10.0
67.7100 15.0
67.7300 8.0
67.7500 9.0
67.7700 8.0
67.7900 9.0
67.8100 12.0
67.8300 6.0
67.8500 8.0
67.8700 8.0
67.8900 15.0
67.9100 5.0
67.9300 6.0
67.9500 8.0
67.9700 5.0
67.9900 5.0
68.0100 10.0
68.0300 4.0
68.0500 5.0
68.0700 3.0
68.0900 3.0
68.1100 1.0
68.1300 3.0
68.1500 1.0
68.1700 0.0
68.1900 1.0
68.2100 3.0
68.2300 0.0
68.2500 1.0
68.2700 4.0
68.2900 2.0
68.3100 0.0
68.3300 2.0
68.3500 1.0
68.3700 1.0
68.3900 0.0
68.4100 1.0
68.4300 1.0
68.4500 2.0
68.4700 1.0
68.4900 0.0
68.5100 2.0
68.5300 0.0
68.5500 1.0
68.5700 2.0
68.5900 0.0
68.6100 0.0
68.6300 0.0
68.6500 1.0
68.6700 1.0
68.6900 2.0
68.7100 0.0
68.7300 1.0
68.7500 1.0
68.7700 0.0
68.7900 3.0
68.8100 2.0
68.8300 1.0
68.8500 0.0
68.8700 2.0
68.8900 0.0
68.9100 1.0
68.9300 1.0
68.9500 1.0
68.9700 0.0
68.9900 0.0
69.0100 1.0
69.0300 5.0
69.0500 0.0
69.0700 1.0
69.0900 1.0
69.1100 5.0
69.1300 1.0
69.1500 1.0
69.1700 1.0
69.1900 3.0
69.2100 1.0
69.2300 2.0
69.2500 2.0
69.2700 1.0
69.2900 0.0
69.3100 1.0
69.3300 0.0
69.3500 0.0
69.3700 0.0
69.3900 2.0
69.4100 2.0
69.4300 2.0
69.4500 1.0
69.4700 1.0
69.4900 0.0
69.5100 0.0
69.5300 2.0
69.5500 3.0
69.5700 1.0
69.5900 0.0
69.6100 1.0
69.6300 0.0
69.6500 0.0
69.6700 2.0
69.6900 1.0
69.7100 1.0
69.7300 2.0
69.7500 1.0
69.7700 1.0
69.7900 1.0
69.8100 0.0
69.8300 1.0
69.8500 1.0
69.8700 0.0
69.8900 0.0
69.9100 2.0
69.9300 0.0
69.9500 1.0
69.9700 1.0
69.9900 0.0
70.0100 0.0
70.0300 1.0
70.0500 5.0
70.0700 0.0
70.0900 5.0
70.1100 3.0
70.1300 3.0
70.1500 7.0
70.1700 4.0
70.1900 5.0
70.2100 9.0
70.2300 1.0
70.2500 4.0
70.2700 2.0
70.2900 5.0
70.3100 3.0
70.3300 3.0
70.3500 1.0
70.3700 5.0
70.3900 2.0
70.4100 3.0
70.4300 3.0
70.4500 3.0
70.4700 1.0
70.4900 3.0
70.5100 3.0
70.5300 3.0
70.5500 7.0
70.5700 6.0
70.5900 5.0
70.6100 8.0
70.6300 5.0
70.6500 10.0
70.6700 6.0
70.6900 8.0
70.7100 5.0
70.7300 4.0
70.7500 6.0
70.7700 3.0
70.7900 3.0
70.8100 5.0
70.8300 3.0
70.8500 13.0
70.8700 3.0
70.8900 6.0
70.9100 4.0
70.9300 4.0
70.9500 3.0
70.9700 5.0
70.9900 5.0
71.0100 3.0
71.0300 2.0
71.0500 5.0
71.0700 0.0
71.0900 4.0
71.1100 2.0
71.1300 2.0
71.1500 2.0
71.1700 2.0
71.1900 1.0
71.2100 7.0
71.2300 6.0
71.2500 4.0
71.2700 1.0
71.2900 3.0
71.3100 3.0
71.3300 2.0
71.3500 0.0
71.3700 2.0
71.3900 2.0
71.4100 2.0
71.4300 1.0
71.4500 1.0
71.4700 3.0
71.4900 0.0
71.5100 1.0
71.5300 0.0
71.5500 1.0
71.5700 0.0
71.5900 1.0
71.6100 0.0
71.6300 0.0
71.6500 0.0
71.6700 1.0
71.6900 3.0
71.7100 1.0
71.7300 1.0
71.7500 1.0
71.7700 0.0
71.7900 1.0
71.8100 1.0
71.8300 3.0
71.8500 2.0
71.8700 1.0
71.8900 3.0
71.9100 2.0
71.9300 2.0
71.9500 2.0
71.9700 2.0
71.9900 2.0
72.0100 0.0
72.0300 2.0
72.0500 2.0
72.0700 1.0
72.0900 3.0
72.1100 1.0
72.1300 3.0
72.1500 2.0
72.1700 0.0
72.1900 9.0
72.2100 3.0
72.2300 3.0
72.2500 4.0
72.2700 5.0
72.2900 2.0
72.3100 2.0
72.3300 3.0
72.3500 4.0
72.3700 6.0
72.3900 7.0
72.4100 5.0
72.4300 10.0
72.4500 7.0
72.4700 11.0
72.4900 7.0
72.5100 6.0
72.5300 4.0
72.5500 6.0
72.5700 7.0
72.5900 9.0
72.6100 9.0
72.6300 3.0
72.6500 6.0
72.6700 5.0
72.6900 8.0
72.7100 6.0
72.7300 2.0
72.7500 4.0
72.7700 6.0
72.7900 0.0
72.8100 2.0
72.8300 4.0
72.8500 0.0
72.8700 0.0
72.8900 1.0
72.9100 2.0
72.9300 5.0
72.9500 0.0
72.9700 1.0
72.9900 1.0
73.0100 1.0
73.0300 2.0
73.0500 4.0
73.0700 1.0
73.0900 3.0
73.1100 0.0
73.1300 2.0
73.1500 1.0
73.1700 2.0
73.1900 0.0
73.2100 0.0
73.2300 0.0
73.2500 2.0
73.2700 3.0
73.2900 3.0
73.3100 3.0
73.3300 0.0
73.3500 1.0
73.3700 1.0
73.3900 0.0
73.4100 1.0
73.4300 3.0
73.4500 1.0
73.4700 2.0
73.4900 0.0
73.5100 1.0
73.5300 1.0
73.5500 1.0
73.5700 2.0
73.5900 2.0
73.6100 3.0
73.6300 5.0
73.6500 1.0
73.6700 2.0
73.6900 5.0
73.7100 4.0
73.7300 0.0
73.7500 1.0
73.7700 1.0
73.7900 1.0
73.8100 0.0
73.8300 2.0
73.8500 1.0
73.8700 3.0
73.8900 0.0
73.9100 2.0
73.9300 2.0
73.9500 1.0
73.9700 1.0
73.9900 1.0
74.0100 1.0
74.0300 1.0
74.0500 0.0
74.0700 2.0
74.0900 1.0
74.1100 1.0
74.1300 1.0
74.1500 0.0
74.1700 2.0
74.1900 0.0
74.2100 1.0
74.2300 0.0
74.2500 2.0
74.2700 1.0
74.2900 2.0
74.3100 2.0
74.3300 1.0
74.3500 1.0
74.3700 2.0
74.3900 3.0
74.4100 0.0
74.4300 2.0
74.4500 1.0
74.4700 1.0
74.4900 2.0
74.5100 2.0
74.5300 0.0
74.5500 0.0
74.5700 2.0
74.5900 2.0
74.6100 2.0
74.6300 0.0
74.6500 0.0
74.6700 3.0
74.6900 2.0
74.7100 5.0
74.7300 1.0
74.7500 8.0
74.7700 4.0
74.7900 4.0
74.8100 4.0
74.8300 1.0
74.8500 5.0
74.8700 0.0
74.8900 1.0
74.9100 2.0
74.9300 2.0
74.9500 2.0
74.9700 0.0
74.9900 4.0
75.0100 2.0
75.0300 1.0
75.0500 0.0
75.0700 1.0
75.0900 1.0
75.1100 2.0
75.1300 1.0
75.1500 0.0
75.1700 4.0
75.1900 0.0
75.2100 3.0
75.2300 0.0
75.2500 0.0
75.2700 3.0
75.2900 2.0
75.3100 0.0
75.3300 2.0
75.3500 1.0
75.3700 2.0
75.3900 1.0
75.4100 1.0
75.4300 2.0
75.4500 5.0
75.4700 4.0
75.4900 3.0
75.5100 1.0
75.5300 3.0
75.5500 2.0
75.5700 3.0
75.5900 3.0
75.6100 3.0
75.6300 1.0
75.6500 4.0
75.6700 3.0
75.6900 3.0
75.7100 5.0
75.7300 6.0
75.7500 4.0
75.7700 11.0
75.7900 7.0
75.8100 10.0
75.8300 8.0
75.8500 8.0
75.8700 14.0
75.8900 5.0
75.9100 15.0
75.9300 12.0
75.9500 8.0
75.9700 7.0
75.9900 6.0
76.0100 2.0
76.0300 9.0
76.0500 3.0
76.0700 4.0
76.0900 7.0
76.1100 5.0
76.1300 4.0
76.1500 5.0
76.1700 4.0
76.1900 6.0
76.2100 3.0
76.2300 2.0
76.2500 1.0
76.2700 2.0
76.2900 5.0
76.3100 4.0
76.3300 1.0
76.3500 3.0
76.3700 2.0
76.3900 2.0
76.4100 5.0
76.4300 3.0
76.4500 4.0
76.4700 2.0
76.4900 3.0
76.5100 4.0
76.5300 4.0
76.5500 1.0
76.5700 1.0
76.5900 3.0
76.6100 2.0
76.6300 2.0
76.6500 2.0
76.6700 3.0
76.6900 4.0
76.7100 5.0
76.7300 3.0
76.7500 4.0
76.7700 0.0
76.7900 0.0
76.8100 4.0
76.8300 3.0
76.8500 4.0
76.8700 1.0
76.8900 5.0
76.9100 3.0
76.9300 7.0
76.9500 3.0
76.9700 8.0
76.9900 6.0
77.0100 5.0
77.0300 10.0
77.0500 4.0
77.0700 7.0
77.0900 2.0
77.1100 3.0
77.1300 8.0
77.1500 5.0
77.1700 4.0
77.1900 1.0
77.2100 8.0
77.2300 3.0
77.2500 3.0
77.2700 2.0
77.2900 3.0
77.3100 1.0
77.3300 6.0
77.3500 4.0
77.3700 2.0
77.3900 2.0
77.4100 3.0
77.4300 2.0
77.4500 0.0
77.4700 1.0
77.4900 0.0
77.5100 0.0
77.5300 1.0
77.5500 4.0
77.5700 0.0
77.5900 1.0
77.6100 2.0
77.6300 0.0
77.6500 1.0
77.6700 0.0
77.6900 1.0
77.7100 2.0
77.7300 3.0
77.7500 2.0
77.7700 3.0
77.7900 0.0
77.8100 2.0
77.8300 1.0
77.8500 1.0
77.8700 1.0
77.8900 2.0
77.9100 0.0
77.9300 1.0
77.9500 0.0
77.9700 0.0
77.9900 1.0
78.0100 2.0
78.0300 2.0
78.0500 3.0
78.0700 2.0
78.0900 7.0
78.1100 1.0
78.1300 0.0
78.1500 2.0
78.1700 2.0
78.1900 2.0
78.2100 0.0
78.2300 3.0
78.2500 3.0
78.2700 2.0
78.2900 1.0
78.3100 1.0
78.3300 3.0
78.3500 4.0
78.3700 5.0
78.3900 0.0
78.4100 2.0
78.4300 0.0
78.4500 2.0
78.4700 1.0
78.4900 3.0
78.5100 0.0
78.5300 1.0
78.5500 1.0
78.5700 1.0
78.5900 1.0
78.6100 2.0
78.6300 3.0
78.6500 1.0
78.6700 3.0
78.6900 0.0
78.7100 4.0
78.7300 1.0
78.7500 3.0
78.7700 2.0
78.7900 0.0
78.8100 1.0
78.8300 2.0
78.8500 1.0
78.8700 0.0
78.8900 0.0
78.9100 3.0
78.9300 1.0
78.9500 0.0
78.9700 0.0
78.9900 0.0
79.0100 4.0
79.0300 2.0
79.0500 2.0
79.0700 4.0
79.0900 4.0
79.1100 4.0
79.1300 3.0
79.1500 0.0
79.1700 0.0
79.1900 3.0
79.2100 3.0
79.2300 3.0
79.2500 4.0
79.2700 2.0
79.2900 1.0
79.3100 4.0
79.3300 0.0
79.3500 0.0
79.3700 1.0
79.3900 2.0
79.4100 2.0
79.4300 1.0
79.4500 0.0
79.4700 2.0
79.4900 6.0
79.5100 1.0
79.5300 2.0
79.5500 0.0
79.5700 1.0
79.5900 2.0
79.6100 3.0
79.6300 2.0
79.6500 4.0
79.6700 3.0
79.6900 1.0
79.7100 2.0
79.7300 2.0
79.7500 4.0
79.7700 3.0
79.7900 7.0
79.8100 9.0
79.8300 5.0
79.8500 5.0
79.8700 14.0
79.8900 8.0
79.9100 6.0
79.9300 8.0
79.9500 5.0
79.9700 4.0
79.9900 4.0
80.0100 3.0
80.0300 2.0
80.0500 7.0
80.0700 3.0
80.0900 5.0
80.1100 3.0
80.1300 3.0
80.1500 1.0
80.1700 1.0
80.1900 3.0
80.2100 2.0
80.2300 2.0
80.2500 2.0
80.2700 0.0
80.2900 2.0
80.3100 2.0
80.3300 1.0
80.3500 2.0
80.3700 1.0
80.3900 3.0
80.4100 1.0
80.4300 0.0
80.4500 0.0
80.4700 1.0
80.4900 0.0
80.5100 3.0
80.5300 0.0
80.5500 1.0
80.5700 0.0
80.5900 1.0
80.6100 1.0
80.6300 1.0
80.6500 0.0
80.6700 0.0
80.6900 0.0
80.7100 1.0
80.7300 1.0
80.7500 1.0
80.7700 1.0
80.7900 3.0
80.8100 4.0
80.8300 3.0
80.8500 1.0
80.8700 2.0
80.8900 2.0
80.9100 1.0
80.9300 4.0
80.9500 4.0
80.9700 5.0
80.9900 5.0
81.0100 7.0
81.0300 3.0
81.0500 2.0
81.0700 3.0
81.0900 1.0
81.1100 5.0
81.1300 3.0
81.1500 5.0
81.1700 1.0
81.1900 4.0
81.2100 5.0
81.2300 8.0
81.2500 7.0
81.2700 4.0
81.2900 7.0
81.3100 4.0
81.3300 9.0
81.3500 4.0
81.3700 5.0
81.3900 4.0
81.4100 1.0
81.4300 3.0
81.4500 3.0
81.4700 2.0
81.4900 6.0
81.5100 4.0
81.5300 1.0
81.5500 1.0
81.5700 6.0
81.5900 5.0
81.6100 3.0
81.6300 2.0
81.6500 2.0
81.6700 1.0
81.6900 3.0
81.7100 1.0
81.7300 1.0
81.7500 1.0
81.7700 2.0
81.7900 2.0
81.8100 0.0
81.8300 1.0
81.8500 1.0
81.8700 4.0
81.8900 2.0
81.9100 2.0
81.9300 1.0
81.9500 2.0
81.9700 1.0
81.9900 1.0
82.0100 2.0
82.0300 2.0
82.0500 1.0
82.0700 3.0
82.0900 0.0
82.1100 1.0
82.1300 1.0
82.1500 4.0
82.1700 1.0
82.1900 1.0
82.2100 2.0
82.2300 2.0
82.2500 1.0
82.2700 0.0
82.2900 2.0
82.3100 2.0
82.3300 1.0
82.3500 0.0
82.3700 1.0
82.3900 0.0
82.4100 1.0
82.4300 3.0
82.4500 3.0
82.4700 1.0
82.4900 4.0
82.5100 0.0
82.5300 2.0
82.5500 1.0
82.5700 2.0
82.5900 2.0
82.6100 4.0
82.6300 2.0
82.6500 3.0
82.6700 1.0
82.6900 1.0
82.7100 4.0
82.7300 4.0
82.7500 5.0
82.7700 1.0
82.7900 2.0
82.8100 2.0
82.8300 0.0
82.8500 1.0
82.8700 0.0
82.8900 1.0
82.9100 2.0
82.9300 2.0
82.9500 3.0
82.9700 1.0
82.9900 4.0
83.0100 2.0
83.0300 1.0
83.0500 0.0
83.0700 2.0
83.0900 2.0
83.1100 1.0
83.1300 0.0
83.1500 2.0
83.1700 3.0
83.1900 2.0
83.2100 2.0
83.2300 2.0
83.2500 1.0
83.2700 2.0
83.2900 0.0
83.3100 2.0
83.3300 0.0
83.3500 0.0
83.3700 1.0
83.3900 2.0
83.4100 0.0
83.4300 3.0
83.4500 3.0
83.4700 1.0
83.4900 10.0
83.5100 4.0
83.5300 6.0
83.5500 6.0
83.5700 4.0
83.5900 7.0
83.6100 5.0
83.6300 4.0
83.6500 2.0
83.6700 2.0
83.6900 4.0
83.7100 1.0
83.7300 5.0
83.7500 0.0
83.7700 4.0
83.7900 5.0
83.8100 4.0
83.8300 5.0
83.8500 7.0
83.8700 1.0
83.8900 2.0
83.9100 1.0
83.9300 3.0
83.9500 0.0
83.9700 2.0
83.9900 3.0
84.0100 1.0
84.0300 3.0
84.0500 2.0
84.0700 1.0
84.0900 1.0
84.1100 0.0
84.1300 1.0
84.1500 2.0
84.1700 1.0
84.1900 0.0
84.2100 0.0
84.2300 1.0
84.2500 0.0
84.2700 0.0
84.2900 1.0
84.3100 0.0
84.3300 0.0
84.3500 1.0
84.3700 2.0
84.3900 0.0
84.4100 0.0
84.4300 1.0
84.4500 2.0
84.4700 2.0
84.4900 2.0
84.5100 3.0
84.5300 0.0
84.5500 0.0
84.5700 1.0
84.5900 4.0
84.6100 0.0
84.6300 1.0
84.6500 1.0
84.6700 3.0
84.6900 3.0
84.7100 2.0
84.7300 3.0
84.7500 0.0
84.7700 3.0
84.7900 0.0
84.8100 2.0
84.8300 3.0
84.8500 5.0
84.8700 2.0
84.8900 6.0
84.9100 4.0
84.9300 6.0
84.9500 5.0
84.9700 3.0
84.9900 4.0
85.0100 3.0
85.0300 8.0
85.0500 2.0
85.0700 4.0
85.0900 5.0
85.1100 2.0
85.1300 5.0
85.1500 3.0
85.1700 3.0
85.1900 5.0
85.2100 4.0
85.2300 0.0
85.2500 4.0
85.2700 1.0
85.2900 1.0
85.3100 4.0
85.3300 1.0
85.3500 0.0
85.3700 3.0
85.3900 0.0
85.4100 1.0
85.4300 3.0
85.4500 4.0
85.4700 0.0
85.4900 1.0
85.5100 1.0
85.5300 3.0
85.5500 1.0
85.5700 0.0
85.5900 2.0
85.6100 2.0
85.6300 3.0
85.6500 2.0
85.6700 1.0
85.6900 2.0
85.7100 3.0
85.7300 2.0
85.7500 2.0
85.7700 3.0
85.7900 3.0
85.8100 2.0
85.8300 1.0
85.8500 3.0
85.8700 5.0
85.8900 5.0
85.9100 2.0
85.9300 5.0
85.9500 9.0
85.9700 5.0
85.9900 13.0
86.0100 8.0
86.0300 10.0
86.0500 5.0
86.0700 6.0
86.0900 5.0
86.1100 4.0
86.1300 5.0
86.1500 8.0
86.1700 3.0
86.1900 7.0
86.2100 7.0
86.2300 6.0
86.2500 6.0
86.2700 8.0
86.2900 4.0
86.3100 7.0
86.3300 4.0
86.3500 2.0
86.3700 2.0
86.3900 4.0
86.4100 2.0
86.4300 3.0
86.4500 2.0
86.4700 2.0
86.4900 2.0
86.5100 3.0
86.5300 2.0
86.5500 3.0
86.5700 3.0
86.5900 1.0
86.6100 0.0
86.6300 1.0
86.6500 0.0
86.6700 0.0
86.6900 2.0
86.7100 1.0
86.7300 0.0
86.7500 1.0
86.7700 1.0
86.7900 0.0
86.8100 0.0
86.8300 2.0
86.8500 2.0
86.8700 1.0
86.8900 1.0
86.9100 0.0
86.9300 2.0
86.9500 1.0
86.9700 2.0
86.9900 1.0
87.0100 2.0
87.0300 1.0
87.0500 3.0
87.0700 2.0
87.0900 3.0
87.1100 4.0
87.1300 12.0
87.1500 9.0
87.1700 5.0
87.1900 6.0
87.2100 4.0
87.2300 1.0
87.2500 2.0
87.2700 6.0
87.2900 1.0
87.3100 2.0
87.3300 1.0
87.3500 3.0
87.3700 2.0
87.3900 4.0
87.4100 2.0
87.4300 2.0
87.4500 6.0
87.4700 3.0
87.4900 3.0
87.5100 0.0
87.5300 1.0
87.5500 0.0
87.5700 2.0
87.5900 2.0
87.6100 1.0
87.6300 1.0
87.6500 1.0
87.6700 2.0
87.6900 2.0
87.7100 1.0
87.7300 1.0
87.7500 0.0
87.7700 1.0
87.7900 2.0
87.8100 1.0
87.8300 4.0
87.8500 3.0
87.8700 0.0
87.8900 3.0
87.9100 1.0
87.9300 3.0
87.9500 1.0
87.9700 2.0
87.9900 2.0
88.0100 2.0
88.0300 2.0
88.0500 2.0
88.0700 0.0
88.0900 2.0
88.1100 3.0
88.1300 2.0
88.1500 0.0
88.1700 2.0
88.1900 1.0
88.2100 1.0
88.2300 2.0
88.2500 2.0
88.2700 4.0
88.2900 2.0
88.3100 2.0
88.3300 1.0
88.3500 2.0
88.3700 1.0
88.3900 1.0
88.4100 2.0
88.4300 1.0
88.4500 0.0
88.4700 1.0
88.4900 0.0
88.5100 0.0
88.5300 1.0
88.5500 2.0
88.5700 1.0
88.5900 2.0
88.6100 2.0
88.6300 0.0
88.6500 2.0
88.6700 1.0
88.6900 0.0
88.7100 0.0
88.7300 2.0
88.7500 0.0
88.7700 1.0
88.7900 0.0
88.8100 1.0
88.8300 2.0
88.8500 1.0
88.8700 1.0
88.8900 1.0
88.9100 2.0
88.9300 0.0
88.9500 0.0
88.9700 2.0
88.9900 0.0
89.0100 2.0
89.0300 2.0
89.0500 0.0
89.0700 2.0
89.0900 8.0
89.1100 1.0
89.1300 3.0
89.1500 1.0
89.1700 3.0
89.1900 2.0
89.2100 2.0
89.2300 4.0
89.2500 3.0
89.2700 2.0
89.2900 2.0
89.3100 4.0
89.3300 4.0
89.3500 1.0
89.3700 4.0
89.3900 3.0
89.4100 1.0
89.4300 2.0
89.4500 0.0
89.4700 6.0
89.4900 2.0
89.5100 1.0
89.5300 2.0
89.5500 0.0
89.5700 0.0
89.5900 1.0
89.6100 2.0
89.6300 1.0
89.6500 5.0
89.6700 2.0
89.6900 1.0
89.7100 2.0
89.7300 0.0
89.7500 2.0
89.7700 1.0
89.7900 3.0
89.8100 1.0
89.8300 2.0
89.8500 0.0
89.8700 3.0
89.8900 2.0
89.9100 1.0
89.9300 0.0
89.9500 1.0
89.9700 0.0
89.9900 0.0
